attack_type,eps,targeted,target_strategy,target_class,dataset_label,identity_id,identity_name,identity_dir,source_image_path,adversarial_image_path,linf,mean_abs_perturbation
fgsm,0.15,False,-1,-1,0,n007726,Samantha_Ruth_Prabhu,000_n007726_Samantha_Ruth_Prabhu,dataset/clean/test/000_n007726_Samantha_Ruth_Prabhu/0000.jpg,dataset/attacks/error_generic/fgsm/eps_0_150/000_n007726_Samantha_Ruth_Prabhu/0000_adv.png,0.15,0.121229
fgsm,0.15,False,-1,-1,0,n007726,Samantha_Ruth_Prabhu,000_n007726_Samantha_Ruth_Prabhu,dataset/clean/test/000_n007726_Samantha_Ruth_Prabhu/0001.jpg,dataset/attacks/error_generic/fgsm/eps_0_150/000_n007726_Samantha_Ruth_Prabhu/0001_adv.png,0.15,0.134094
fgsm,0.15,False,-1,-1,0,n007726,Samantha_Ruth_Prabhu,000_n007726_Samantha_Ruth_Prabhu,dataset/clean/test/000_n007726_Samantha_Ruth_Prabhu/0002.jpg,dataset/attacks/error_generic/fgsm/eps_0_150/000_n007726_Samantha_Ruth_Prabhu/0002_adv.png,0.15,0.124338
fgsm,0.15,False,-1,-1,0,n007726,Samantha_Ruth_Prabhu,000_n007726_Samantha_Ruth_Prabhu,dataset/clean/test/000_n007726_Samantha_Ruth_Prabhu/0003.jpg,dataset/attacks/error_generic/fgsm/eps_0_150/000_n007726_Samantha_Ruth_Prabhu/0003_adv.png,0.15,0.139814
fgsm,0.15,False,-1,-1,0,n007726,Samantha_Ruth_Prabhu,000_n007726_Samantha_Ruth_Prabhu,dataset/clean/test/000_n007726_Samantha_Ruth_Prabhu/0004.jpg,dataset/attacks/error_generic/fgsm/eps_0_150/000_n007726_Samantha_Ruth_Prabhu/0004_adv.png,0.15,0.139139
fgsm,0.15,False,-1,-1,0,n007726,Samantha_Ruth_Prabhu,000_n007726_Samantha_Ruth_Prabhu,dataset/clean/test/000_n007726_Samantha_Ruth_Prabhu/0005.jpg,dataset/attacks/error_generic/fgsm/eps_0_150/000_n007726_Samantha_Ruth_Prabhu/0005_adv.png,0.15,0.14111
fgsm,0.15,False,-1,-1,0,n007726,Samantha_Ruth_Prabhu,000_n007726_Samantha_Ruth_Prabhu,dataset/clean/test/000_n007726_Samantha_Ruth_Prabhu/0006.jpg,dataset/attacks/error_generic/fgsm/eps_0_150/000_n007726_Samantha_Ruth_Prabhu/0006_adv.png,0.15,0.136155
fgsm,0.15,False,-1,-1,0,n007726,Samantha_Ruth_Prabhu,000_n007726_Samantha_Ruth_Prabhu,dataset/clean/test/000_n007726_Samantha_Ruth_Prabhu/0007.jpg,dataset/attacks/error_generic/fgsm/eps_0_150/000_n007726_Samantha_Ruth_Prabhu/0007_adv.png,0.15,0.130312
fgsm,0.15,False,-1,-1,0,n007726,Samantha_Ruth_Prabhu,000_n007726_Samantha_Ruth_Prabhu,dataset/clean/test/000_n007726_Samantha_Ruth_Prabhu/0008.jpg,dataset/attacks/error_generic/fgsm/eps_0_150/000_n007726_Samantha_Ruth_Prabhu/0008_adv.png,0.15,0.132273
fgsm,0.15,False,-1,-1,0,n007726,Samantha_Ruth_Prabhu,000_n007726_Samantha_Ruth_Prabhu,dataset/clean/test/000_n007726_Samantha_Ruth_Prabhu/0009.jpg,dataset/attacks/error_generic/fgsm/eps_0_150/000_n007726_Samantha_Ruth_Prabhu/0009_adv.png,0.15,0.128034
fgsm,0.15,False,-1,-1,1,n002771,Felix_Neureuther,001_n002771_Felix_Neureuther,dataset/clean/test/001_n002771_Felix_Neureuther/0000.jpg,dataset/attacks/error_generic/fgsm/eps_0_150/001_n002771_Felix_Neureuther/0000_adv.png,0.15,0.127434
fgsm,0.15,False,-1,-1,1,n002771,Felix_Neureuther,001_n002771_Felix_Neureuther,dataset/clean/test/001_n002771_Felix_Neureuther/0001.jpg,dataset/attacks/error_generic/fgsm/eps_0_150/001_n002771_Felix_Neureuther/0001_adv.png,0.15,0.137059
fgsm,0.15,False,-1,-1,1,n002771,Felix_Neureuther,001_n002771_Felix_Neureuther,dataset/clean/test/001_n002771_Felix_Neureuther/0002.jpg,dataset/attacks/error_generic/fgsm/eps_0_150/001_n002771_Felix_Neureuther/0002_adv.png,0.15,0.111243
fgsm,0.15,False,-1,-1,1,n002771,Felix_Neureuther,001_n002771_Felix_Neureuther,dataset/clean/test/001_n002771_Felix_Neureuther/0003.jpg,dataset/attacks/error_generic/fgsm/eps_0_150/001_n002771_Felix_Neureuther/0003_adv.png,0.15,0.134349
fgsm,0.15,False,-1,-1,1,n002771,Felix_Neureuther,001_n002771_Felix_Neureuther,dataset/clean/test/001_n002771_Felix_Neureuther/0004.jpg,dataset/attacks/error_generic/fgsm/eps_0_150/001_n002771_Felix_Neureuther/0004_adv.png,0.15,0.134179
fgsm,0.15,False,-1,-1,1,n002771,Felix_Neureuther,001_n002771_Felix_Neureuther,dataset/clean/test/001_n002771_Felix_Neureuther/0005.jpg,dataset/attacks/error_generic/fgsm/eps_0_150/001_n002771_Felix_Neureuther/0005_adv.png,0.15,0.131674
fgsm,0.15,False,-1,-1,1,n002771,Felix_Neureuther,001_n002771_Felix_Neureuther,dataset/clean/test/001_n002771_Felix_Neureuther/0006.jpg,dataset/attacks/error_generic/fgsm/eps_0_150/001_n002771_Felix_Neureuther/0006_adv.png,0.15,0.132976
fgsm,0.15,False,-1,-1,1,n002771,Felix_Neureuther,001_n002771_Felix_Neureuther,dataset/clean/test/001_n002771_Felix_Neureuther/0007.jpg,dataset/attacks/error_generic/fgsm/eps_0_150/001_n002771_Felix_Neureuther/0007_adv.png,0.15,0.132853
fgsm,0.15,False,-1,-1,1,n002771,Felix_Neureuther,001_n002771_Felix_Neureuther,dataset/clean/test/001_n002771_Felix_Neureuther/0008.jpg,dataset/attacks/error_generic/fgsm/eps_0_150/001_n002771_Felix_Neureuther/0008_adv.png,0.15,0.138672
fgsm,0.15,False,-1,-1,1,n002771,Felix_Neureuther,001_n002771_Felix_Neureuther,dataset/clean/test/001_n002771_Felix_Neureuther/0009.jpg,dataset/attacks/error_generic/fgsm/eps_0_150/001_n002771_Felix_Neureuther/0009_adv.png,0.15,0.137826
fgsm,0.15,False,-1,-1,2,n006115,Mike_Posner,002_n006115_Mike_Posner,dataset/clean/test/002_n006115_Mike_Posner/0000.jpg,dataset/attacks/error_generic/fgsm/eps_0_150/002_n006115_Mike_Posner/0000_adv.png,0.15,0.136021
fgsm,0.15,False,-1,-1,2,n006115,Mike_Posner,002_n006115_Mike_Posner,dataset/clean/test/002_n006115_Mike_Posner/0001.jpg,dataset/attacks/error_generic/fgsm/eps_0_150/002_n006115_Mike_Posner/0001_adv.png,0.15,0.138097
fgsm,0.15,False,-1,-1,2,n006115,Mike_Posner,002_n006115_Mike_Posner,dataset/clean/test/002_n006115_Mike_Posner/0002.jpg,dataset/attacks/error_generic/fgsm/eps_0_150/002_n006115_Mike_Posner/0002_adv.png,0.15,0.129802
fgsm,0.15,False,-1,-1,2,n006115,Mike_Posner,002_n006115_Mike_Posner,dataset/clean/test/002_n006115_Mike_Posner/0003.jpg,dataset/attacks/error_generic/fgsm/eps_0_150/002_n006115_Mike_Posner/0003_adv.png,0.15,0.111578
fgsm,0.15,False,-1,-1,2,n006115,Mike_Posner,002_n006115_Mike_Posner,dataset/clean/test/002_n006115_Mike_Posner/0004.jpg,dataset/attacks/error_generic/fgsm/eps_0_150/002_n006115_Mike_Posner/0004_adv.png,0.15,0.136473
fgsm,0.15,False,-1,-1,2,n006115,Mike_Posner,002_n006115_Mike_Posner,dataset/clean/test/002_n006115_Mike_Posner/0005.jpg,dataset/attacks/error_generic/fgsm/eps_0_150/002_n006115_Mike_Posner/0005_adv.png,0.15,0.105141
fgsm,0.15,False,-1,-1,2,n006115,Mike_Posner,002_n006115_Mike_Posner,dataset/clean/test/002_n006115_Mike_Posner/0006.jpg,dataset/attacks/error_generic/fgsm/eps_0_150/002_n006115_Mike_Posner/0006_adv.png,0.15,0.136742
fgsm,0.15,False,-1,-1,2,n006115,Mike_Posner,002_n006115_Mike_Posner,dataset/clean/test/002_n006115_Mike_Posner/0007.jpg,dataset/attacks/error_generic/fgsm/eps_0_150/002_n006115_Mike_Posner/0007_adv.png,0.15,0.143224
fgsm,0.15,False,-1,-1,2,n006115,Mike_Posner,002_n006115_Mike_Posner,dataset/clean/test/002_n006115_Mike_Posner/0008.jpg,dataset/attacks/error_generic/fgsm/eps_0_150/002_n006115_Mike_Posner/0008_adv.png,0.15,0.130722
fgsm,0.15,False,-1,-1,2,n006115,Mike_Posner,002_n006115_Mike_Posner,dataset/clean/test/002_n006115_Mike_Posner/0009.jpg,dataset/attacks/error_generic/fgsm/eps_0_150/002_n006115_Mike_Posner/0009_adv.png,0.15,0.142856
fgsm,0.15,False,-1,-1,3,n006980,Philip_Michael_Thomas,003_n006980_Philip_Michael_Thomas,dataset/clean/test/003_n006980_Philip_Michael_Thomas/0000.jpg,dataset/attacks/error_generic/fgsm/eps_0_150/003_n006980_Philip_Michael_Thomas/0000_adv.png,0.15,0.118936
fgsm,0.15,False,-1,-1,3,n006980,Philip_Michael_Thomas,003_n006980_Philip_Michael_Thomas,dataset/clean/test/003_n006980_Philip_Michael_Thomas/0001.jpg,dataset/attacks/error_generic/fgsm/eps_0_150/003_n006980_Philip_Michael_Thomas/0001_adv.png,0.15,0.116837
fgsm,0.15,False,-1,-1,3,n006980,Philip_Michael_Thomas,003_n006980_Philip_Michael_Thomas,dataset/clean/test/003_n006980_Philip_Michael_Thomas/0002.jpg,dataset/attacks/error_generic/fgsm/eps_0_150/003_n006980_Philip_Michael_Thomas/0002_adv.png,0.15,0.124738
fgsm,0.15,False,-1,-1,3,n006980,Philip_Michael_Thomas,003_n006980_Philip_Michael_Thomas,dataset/clean/test/003_n006980_Philip_Michael_Thomas/0003.jpg,dataset/attacks/error_generic/fgsm/eps_0_150/003_n006980_Philip_Michael_Thomas/0003_adv.png,0.15,0.128769
fgsm,0.15,False,-1,-1,3,n006980,Philip_Michael_Thomas,003_n006980_Philip_Michael_Thomas,dataset/clean/test/003_n006980_Philip_Michael_Thomas/0004.jpg,dataset/attacks/error_generic/fgsm/eps_0_150/003_n006980_Philip_Michael_Thomas/0004_adv.png,0.15,0.133495
fgsm,0.15,False,-1,-1,3,n006980,Philip_Michael_Thomas,003_n006980_Philip_Michael_Thomas,dataset/clean/test/003_n006980_Philip_Michael_Thomas/0005.jpg,dataset/attacks/error_generic/fgsm/eps_0_150/003_n006980_Philip_Michael_Thomas/0005_adv.png,0.15,0.138938
fgsm,0.15,False,-1,-1,3,n006980,Philip_Michael_Thomas,003_n006980_Philip_Michael_Thomas,dataset/clean/test/003_n006980_Philip_Michael_Thomas/0006.jpg,dataset/attacks/error_generic/fgsm/eps_0_150/003_n006980_Philip_Michael_Thomas/0006_adv.png,0.15,0.130971
fgsm,0.15,False,-1,-1,3,n006980,Philip_Michael_Thomas,003_n006980_Philip_Michael_Thomas,dataset/clean/test/003_n006980_Philip_Michael_Thomas/0007.jpg,dataset/attacks/error_generic/fgsm/eps_0_150/003_n006980_Philip_Michael_Thomas/0007_adv.png,0.15,0.133183
fgsm,0.15,False,-1,-1,3,n006980,Philip_Michael_Thomas,003_n006980_Philip_Michael_Thomas,dataset/clean/test/003_n006980_Philip_Michael_Thomas/0008.jpg,dataset/attacks/error_generic/fgsm/eps_0_150/003_n006980_Philip_Michael_Thomas/0008_adv.png,0.15,0.144428
fgsm,0.15,False,-1,-1,3,n006980,Philip_Michael_Thomas,003_n006980_Philip_Michael_Thomas,dataset/clean/test/003_n006980_Philip_Michael_Thomas/0009.jpg,dataset/attacks/error_generic/fgsm/eps_0_150/003_n006980_Philip_Michael_Thomas/0009_adv.png,0.15,0.141709
fgsm,0.15,False,-1,-1,4,n002295,Drake,004_n002295_Drake,dataset/clean/test/004_n002295_Drake/0000.jpg,dataset/attacks/error_generic/fgsm/eps_0_150/004_n002295_Drake/0000_adv.png,0.15,0.134106
fgsm,0.15,False,-1,-1,4,n002295,Drake,004_n002295_Drake,dataset/clean/test/004_n002295_Drake/0001.jpg,dataset/attacks/error_generic/fgsm/eps_0_150/004_n002295_Drake/0001_adv.png,0.15,0.117203
fgsm,0.15,False,-1,-1,4,n002295,Drake,004_n002295_Drake,dataset/clean/test/004_n002295_Drake/0002.jpg,dataset/attacks/error_generic/fgsm/eps_0_150/004_n002295_Drake/0002_adv.png,0.15,0.136334
fgsm,0.15,False,-1,-1,4,n002295,Drake,004_n002295_Drake,dataset/clean/test/004_n002295_Drake/0003.jpg,dataset/attacks/error_generic/fgsm/eps_0_150/004_n002295_Drake/0003_adv.png,0.15,0.119322
fgsm,0.15,False,-1,-1,4,n002295,Drake,004_n002295_Drake,dataset/clean/test/004_n002295_Drake/0004.jpg,dataset/attacks/error_generic/fgsm/eps_0_150/004_n002295_Drake/0004_adv.png,0.15,0.120307
fgsm,0.15,False,-1,-1,4,n002295,Drake,004_n002295_Drake,dataset/clean/test/004_n002295_Drake/0005.jpg,dataset/attacks/error_generic/fgsm/eps_0_150/004_n002295_Drake/0005_adv.png,0.15,0.129584
fgsm,0.15,False,-1,-1,4,n002295,Drake,004_n002295_Drake,dataset/clean/test/004_n002295_Drake/0006.jpg,dataset/attacks/error_generic/fgsm/eps_0_150/004_n002295_Drake/0006_adv.png,0.15,0.127926
fgsm,0.15,False,-1,-1,4,n002295,Drake,004_n002295_Drake,dataset/clean/test/004_n002295_Drake/0007.jpg,dataset/attacks/error_generic/fgsm/eps_0_150/004_n002295_Drake/0007_adv.png,0.15,0.106404
fgsm,0.15,False,-1,-1,4,n002295,Drake,004_n002295_Drake,dataset/clean/test/004_n002295_Drake/0008.jpg,dataset/attacks/error_generic/fgsm/eps_0_150/004_n002295_Drake/0008_adv.png,0.15,0.112077
fgsm,0.15,False,-1,-1,4,n002295,Drake,004_n002295_Drake,dataset/clean/test/004_n002295_Drake/0009.jpg,dataset/attacks/error_generic/fgsm/eps_0_150/004_n002295_Drake/0009_adv.png,0.15,0.125537
fgsm,0.15,False,-1,-1,5,n001597,Chris_Duhon,005_n001597_Chris_Duhon,dataset/clean/test/005_n001597_Chris_Duhon/0000.jpg,dataset/attacks/error_generic/fgsm/eps_0_150/005_n001597_Chris_Duhon/0000_adv.png,0.15,0.123808
fgsm,0.15,False,-1,-1,5,n001597,Chris_Duhon,005_n001597_Chris_Duhon,dataset/clean/test/005_n001597_Chris_Duhon/0001.jpg,dataset/attacks/error_generic/fgsm/eps_0_150/005_n001597_Chris_Duhon/0001_adv.png,0.15,0.110338
fgsm,0.15,False,-1,-1,5,n001597,Chris_Duhon,005_n001597_Chris_Duhon,dataset/clean/test/005_n001597_Chris_Duhon/0002.jpg,dataset/attacks/error_generic/fgsm/eps_0_150/005_n001597_Chris_Duhon/0002_adv.png,0.15,0.111367
fgsm,0.15,False,-1,-1,5,n001597,Chris_Duhon,005_n001597_Chris_Duhon,dataset/clean/test/005_n001597_Chris_Duhon/0003.jpg,dataset/attacks/error_generic/fgsm/eps_0_150/005_n001597_Chris_Duhon/0003_adv.png,0.15,0.137585
fgsm,0.15,False,-1,-1,5,n001597,Chris_Duhon,005_n001597_Chris_Duhon,dataset/clean/test/005_n001597_Chris_Duhon/0004.jpg,dataset/attacks/error_generic/fgsm/eps_0_150/005_n001597_Chris_Duhon/0004_adv.png,0.15,0.137828
fgsm,0.15,False,-1,-1,5,n001597,Chris_Duhon,005_n001597_Chris_Duhon,dataset/clean/test/005_n001597_Chris_Duhon/0005.jpg,dataset/attacks/error_generic/fgsm/eps_0_150/005_n001597_Chris_Duhon/0005_adv.png,0.15,0.141313
fgsm,0.15,False,-1,-1,5,n001597,Chris_Duhon,005_n001597_Chris_Duhon,dataset/clean/test/005_n001597_Chris_Duhon/0006.jpg,dataset/attacks/error_generic/fgsm/eps_0_150/005_n001597_Chris_Duhon/0006_adv.png,0.15,0.138233
fgsm,0.15,False,-1,-1,5,n001597,Chris_Duhon,005_n001597_Chris_Duhon,dataset/clean/test/005_n001597_Chris_Duhon/0007.jpg,dataset/attacks/error_generic/fgsm/eps_0_150/005_n001597_Chris_Duhon/0007_adv.png,0.15,0.144384
fgsm,0.15,False,-1,-1,5,n001597,Chris_Duhon,005_n001597_Chris_Duhon,dataset/clean/test/005_n001597_Chris_Duhon/0008.jpg,dataset/attacks/error_generic/fgsm/eps_0_150/005_n001597_Chris_Duhon/0008_adv.png,0.15,0.134271
fgsm,0.15,False,-1,-1,5,n001597,Chris_Duhon,005_n001597_Chris_Duhon,dataset/clean/test/005_n001597_Chris_Duhon/0009.jpg,dataset/attacks/error_generic/fgsm/eps_0_150/005_n001597_Chris_Duhon/0009_adv.png,0.15,0.132216
fgsm,0.15,False,-1,-1,6,n003512,H_ctor_Mancilla,006_n003512_H_ctor_Mancilla,dataset/clean/test/006_n003512_H_ctor_Mancilla/0000.jpg,dataset/attacks/error_generic/fgsm/eps_0_150/006_n003512_H_ctor_Mancilla/0000_adv.png,0.15,0.132537
fgsm,0.15,False,-1,-1,6,n003512,H_ctor_Mancilla,006_n003512_H_ctor_Mancilla,dataset/clean/test/006_n003512_H_ctor_Mancilla/0001.jpg,dataset/attacks/error_generic/fgsm/eps_0_150/006_n003512_H_ctor_Mancilla/0001_adv.png,0.15,0.132763
fgsm,0.15,False,-1,-1,6,n003512,H_ctor_Mancilla,006_n003512_H_ctor_Mancilla,dataset/clean/test/006_n003512_H_ctor_Mancilla/0002.jpg,dataset/attacks/error_generic/fgsm/eps_0_150/006_n003512_H_ctor_Mancilla/0002_adv.png,0.15,0.134862
fgsm,0.15,False,-1,-1,6,n003512,H_ctor_Mancilla,006_n003512_H_ctor_Mancilla,dataset/clean/test/006_n003512_H_ctor_Mancilla/0003.jpg,dataset/attacks/error_generic/fgsm/eps_0_150/006_n003512_H_ctor_Mancilla/0003_adv.png,0.15,0.137482
fgsm,0.15,False,-1,-1,6,n003512,H_ctor_Mancilla,006_n003512_H_ctor_Mancilla,dataset/clean/test/006_n003512_H_ctor_Mancilla/0004.jpg,dataset/attacks/error_generic/fgsm/eps_0_150/006_n003512_H_ctor_Mancilla/0004_adv.png,0.15,0.129992
fgsm,0.15,False,-1,-1,6,n003512,H_ctor_Mancilla,006_n003512_H_ctor_Mancilla,dataset/clean/test/006_n003512_H_ctor_Mancilla/0005.jpg,dataset/attacks/error_generic/fgsm/eps_0_150/006_n003512_H_ctor_Mancilla/0005_adv.png,0.15,0.126336
fgsm,0.15,False,-1,-1,6,n003512,H_ctor_Mancilla,006_n003512_H_ctor_Mancilla,dataset/clean/test/006_n003512_H_ctor_Mancilla/0006.jpg,dataset/attacks/error_generic/fgsm/eps_0_150/006_n003512_H_ctor_Mancilla/0006_adv.png,0.15,0.140286
fgsm,0.15,False,-1,-1,6,n003512,H_ctor_Mancilla,006_n003512_H_ctor_Mancilla,dataset/clean/test/006_n003512_H_ctor_Mancilla/0007.jpg,dataset/attacks/error_generic/fgsm/eps_0_150/006_n003512_H_ctor_Mancilla/0007_adv.png,0.15,0.10864
fgsm,0.15,False,-1,-1,6,n003512,H_ctor_Mancilla,006_n003512_H_ctor_Mancilla,dataset/clean/test/006_n003512_H_ctor_Mancilla/0008.jpg,dataset/attacks/error_generic/fgsm/eps_0_150/006_n003512_H_ctor_Mancilla/0008_adv.png,0.15,0.137442
fgsm,0.15,False,-1,-1,6,n003512,H_ctor_Mancilla,006_n003512_H_ctor_Mancilla,dataset/clean/test/006_n003512_H_ctor_Mancilla/0009.jpg,dataset/attacks/error_generic/fgsm/eps_0_150/006_n003512_H_ctor_Mancilla/0009_adv.png,0.15,0.132933
fgsm,0.15,False,-1,-1,7,n005908,Meera_Jasmine,007_n005908_Meera_Jasmine,dataset/clean/test/007_n005908_Meera_Jasmine/0000.jpg,dataset/attacks/error_generic/fgsm/eps_0_150/007_n005908_Meera_Jasmine/0000_adv.png,0.15,0.106026
fgsm,0.15,False,-1,-1,7,n005908,Meera_Jasmine,007_n005908_Meera_Jasmine,dataset/clean/test/007_n005908_Meera_Jasmine/0001.jpg,dataset/attacks/error_generic/fgsm/eps_0_150/007_n005908_Meera_Jasmine/0001_adv.png,0.15,0.143432
fgsm,0.15,False,-1,-1,7,n005908,Meera_Jasmine,007_n005908_Meera_Jasmine,dataset/clean/test/007_n005908_Meera_Jasmine/0002.jpg,dataset/attacks/error_generic/fgsm/eps_0_150/007_n005908_Meera_Jasmine/0002_adv.png,0.15,0.13297
fgsm,0.15,False,-1,-1,7,n005908,Meera_Jasmine,007_n005908_Meera_Jasmine,dataset/clean/test/007_n005908_Meera_Jasmine/0003.jpg,dataset/attacks/error_generic/fgsm/eps_0_150/007_n005908_Meera_Jasmine/0003_adv.png,0.15,0.141398
fgsm,0.15,False,-1,-1,7,n005908,Meera_Jasmine,007_n005908_Meera_Jasmine,dataset/clean/test/007_n005908_Meera_Jasmine/0004.jpg,dataset/attacks/error_generic/fgsm/eps_0_150/007_n005908_Meera_Jasmine/0004_adv.png,0.15,0.131866
fgsm,0.15,False,-1,-1,7,n005908,Meera_Jasmine,007_n005908_Meera_Jasmine,dataset/clean/test/007_n005908_Meera_Jasmine/0005.jpg,dataset/attacks/error_generic/fgsm/eps_0_150/007_n005908_Meera_Jasmine/0005_adv.png,0.15,0.131738
fgsm,0.15,False,-1,-1,7,n005908,Meera_Jasmine,007_n005908_Meera_Jasmine,dataset/clean/test/007_n005908_Meera_Jasmine/0006.jpg,dataset/attacks/error_generic/fgsm/eps_0_150/007_n005908_Meera_Jasmine/0006_adv.png,0.15,0.136019
fgsm,0.15,False,-1,-1,7,n005908,Meera_Jasmine,007_n005908_Meera_Jasmine,dataset/clean/test/007_n005908_Meera_Jasmine/0007.jpg,dataset/attacks/error_generic/fgsm/eps_0_150/007_n005908_Meera_Jasmine/0007_adv.png,0.15,0.135501
fgsm,0.15,False,-1,-1,7,n005908,Meera_Jasmine,007_n005908_Meera_Jasmine,dataset/clean/test/007_n005908_Meera_Jasmine/0008.jpg,dataset/attacks/error_generic/fgsm/eps_0_150/007_n005908_Meera_Jasmine/0008_adv.png,0.15,0.136624
fgsm,0.15,False,-1,-1,7,n005908,Meera_Jasmine,007_n005908_Meera_Jasmine,dataset/clean/test/007_n005908_Meera_Jasmine/0009.jpg,dataset/attacks/error_generic/fgsm/eps_0_150/007_n005908_Meera_Jasmine/0009_adv.png,0.15,0.127927
fgsm,0.15,False,-1,-1,8,n001564,Cherish_Lee,008_n001564_Cherish_Lee,dataset/clean/test/008_n001564_Cherish_Lee/0000.jpg,dataset/attacks/error_generic/fgsm/eps_0_150/008_n001564_Cherish_Lee/0000_adv.png,0.15,0.132733
fgsm,0.15,False,-1,-1,8,n001564,Cherish_Lee,008_n001564_Cherish_Lee,dataset/clean/test/008_n001564_Cherish_Lee/0001.jpg,dataset/attacks/error_generic/fgsm/eps_0_150/008_n001564_Cherish_Lee/0001_adv.png,0.15,0.118255
fgsm,0.15,False,-1,-1,8,n001564,Cherish_Lee,008_n001564_Cherish_Lee,dataset/clean/test/008_n001564_Cherish_Lee/0002.jpg,dataset/attacks/error_generic/fgsm/eps_0_150/008_n001564_Cherish_Lee/0002_adv.png,0.15,0.123567
fgsm,0.15,False,-1,-1,8,n001564,Cherish_Lee,008_n001564_Cherish_Lee,dataset/clean/test/008_n001564_Cherish_Lee/0003.jpg,dataset/attacks/error_generic/fgsm/eps_0_150/008_n001564_Cherish_Lee/0003_adv.png,0.15,0.14239
fgsm,0.15,False,-1,-1,8,n001564,Cherish_Lee,008_n001564_Cherish_Lee,dataset/clean/test/008_n001564_Cherish_Lee/0004.jpg,dataset/attacks/error_generic/fgsm/eps_0_150/008_n001564_Cherish_Lee/0004_adv.png,0.15,0.113
fgsm,0.15,False,-1,-1,8,n001564,Cherish_Lee,008_n001564_Cherish_Lee,dataset/clean/test/008_n001564_Cherish_Lee/0005.jpg,dataset/attacks/error_generic/fgsm/eps_0_150/008_n001564_Cherish_Lee/0005_adv.png,0.15,0.130977
fgsm,0.15,False,-1,-1,8,n001564,Cherish_Lee,008_n001564_Cherish_Lee,dataset/clean/test/008_n001564_Cherish_Lee/0006.jpg,dataset/attacks/error_generic/fgsm/eps_0_150/008_n001564_Cherish_Lee/0006_adv.png,0.15,0.132952
fgsm,0.15,False,-1,-1,8,n001564,Cherish_Lee,008_n001564_Cherish_Lee,dataset/clean/test/008_n001564_Cherish_Lee/0007.jpg,dataset/attacks/error_generic/fgsm/eps_0_150/008_n001564_Cherish_Lee/0007_adv.png,0.15,0.140114
fgsm,0.15,False,-1,-1,8,n001564,Cherish_Lee,008_n001564_Cherish_Lee,dataset/clean/test/008_n001564_Cherish_Lee/0008.jpg,dataset/attacks/error_generic/fgsm/eps_0_150/008_n001564_Cherish_Lee/0008_adv.png,0.15,0.131128
fgsm,0.15,False,-1,-1,8,n001564,Cherish_Lee,008_n001564_Cherish_Lee,dataset/clean/test/008_n001564_Cherish_Lee/0009.jpg,dataset/attacks/error_generic/fgsm/eps_0_150/008_n001564_Cherish_Lee/0009_adv.png,0.15,0.140587
fgsm,0.15,False,-1,-1,9,n007934,Sergio_van_Dijk,009_n007934_Sergio_van_Dijk,dataset/clean/test/009_n007934_Sergio_van_Dijk/0000.jpg,dataset/attacks/error_generic/fgsm/eps_0_150/009_n007934_Sergio_van_Dijk/0000_adv.png,0.15,0.137595
fgsm,0.15,False,-1,-1,9,n007934,Sergio_van_Dijk,009_n007934_Sergio_van_Dijk,dataset/clean/test/009_n007934_Sergio_van_Dijk/0001.jpg,dataset/attacks/error_generic/fgsm/eps_0_150/009_n007934_Sergio_van_Dijk/0001_adv.png,0.15,0.125472
fgsm,0.15,False,-1,-1,9,n007934,Sergio_van_Dijk,009_n007934_Sergio_van_Dijk,dataset/clean/test/009_n007934_Sergio_van_Dijk/0002.jpg,dataset/attacks/error_generic/fgsm/eps_0_150/009_n007934_Sergio_van_Dijk/0002_adv.png,0.15,0.138
fgsm,0.15,False,-1,-1,9,n007934,Sergio_van_Dijk,009_n007934_Sergio_van_Dijk,dataset/clean/test/009_n007934_Sergio_van_Dijk/0003.jpg,dataset/attacks/error_generic/fgsm/eps_0_150/009_n007934_Sergio_van_Dijk/0003_adv.png,0.15,0.110876
fgsm,0.15,False,-1,-1,9,n007934,Sergio_van_Dijk,009_n007934_Sergio_van_Dijk,dataset/clean/test/009_n007934_Sergio_van_Dijk/0004.jpg,dataset/attacks/error_generic/fgsm/eps_0_150/009_n007934_Sergio_van_Dijk/0004_adv.png,0.15,0.130837
fgsm,0.15,False,-1,-1,9,n007934,Sergio_van_Dijk,009_n007934_Sergio_van_Dijk,dataset/clean/test/009_n007934_Sergio_van_Dijk/0005.jpg,dataset/attacks/error_generic/fgsm/eps_0_150/009_n007934_Sergio_van_Dijk/0005_adv.png,0.15,0.140793
fgsm,0.15,False,-1,-1,9,n007934,Sergio_van_Dijk,009_n007934_Sergio_van_Dijk,dataset/clean/test/009_n007934_Sergio_van_Dijk/0006.jpg,dataset/attacks/error_generic/fgsm/eps_0_150/009_n007934_Sergio_van_Dijk/0006_adv.png,0.15,0.136694
fgsm,0.15,False,-1,-1,9,n007934,Sergio_van_Dijk,009_n007934_Sergio_van_Dijk,dataset/clean/test/009_n007934_Sergio_van_Dijk/0007.jpg,dataset/attacks/error_generic/fgsm/eps_0_150/009_n007934_Sergio_van_Dijk/0007_adv.png,0.15,0.141295
fgsm,0.15,False,-1,-1,9,n007934,Sergio_van_Dijk,009_n007934_Sergio_van_Dijk,dataset/clean/test/009_n007934_Sergio_van_Dijk/0008.jpg,dataset/attacks/error_generic/fgsm/eps_0_150/009_n007934_Sergio_van_Dijk/0008_adv.png,0.15,0.140129
fgsm,0.15,False,-1,-1,9,n007934,Sergio_van_Dijk,009_n007934_Sergio_van_Dijk,dataset/clean/test/009_n007934_Sergio_van_Dijk/0009.jpg,dataset/attacks/error_generic/fgsm/eps_0_150/009_n007934_Sergio_van_Dijk/0009_adv.png,0.15,0.13933
fgsm,0.15,False,-1,-1,10,n000093,Adrianne_Le_n,010_n000093_Adrianne_Le_n,dataset/clean/test/010_n000093_Adrianne_Le_n/0000.jpg,dataset/attacks/error_generic/fgsm/eps_0_150/010_n000093_Adrianne_Le_n/0000_adv.png,0.15,0.128366
fgsm,0.15,False,-1,-1,10,n000093,Adrianne_Le_n,010_n000093_Adrianne_Le_n,dataset/clean/test/010_n000093_Adrianne_Le_n/0001.jpg,dataset/attacks/error_generic/fgsm/eps_0_150/010_n000093_Adrianne_Le_n/0001_adv.png,0.15,0.125596
fgsm,0.15,False,-1,-1,10,n000093,Adrianne_Le_n,010_n000093_Adrianne_Le_n,dataset/clean/test/010_n000093_Adrianne_Le_n/0002.jpg,dataset/attacks/error_generic/fgsm/eps_0_150/010_n000093_Adrianne_Le_n/0002_adv.png,0.15,0.126186
fgsm,0.15,False,-1,-1,10,n000093,Adrianne_Le_n,010_n000093_Adrianne_Le_n,dataset/clean/test/010_n000093_Adrianne_Le_n/0003.jpg,dataset/attacks/error_generic/fgsm/eps_0_150/010_n000093_Adrianne_Le_n/0003_adv.png,0.15,0.125989
fgsm,0.15,False,-1,-1,10,n000093,Adrianne_Le_n,010_n000093_Adrianne_Le_n,dataset/clean/test/010_n000093_Adrianne_Le_n/0004.jpg,dataset/attacks/error_generic/fgsm/eps_0_150/010_n000093_Adrianne_Le_n/0004_adv.png,0.15,0.128278
fgsm,0.15,False,-1,-1,10,n000093,Adrianne_Le_n,010_n000093_Adrianne_Le_n,dataset/clean/test/010_n000093_Adrianne_Le_n/0005.jpg,dataset/attacks/error_generic/fgsm/eps_0_150/010_n000093_Adrianne_Le_n/0005_adv.png,0.15,0.131142
fgsm,0.15,False,-1,-1,10,n000093,Adrianne_Le_n,010_n000093_Adrianne_Le_n,dataset/clean/test/010_n000093_Adrianne_Le_n/0006.jpg,dataset/attacks/error_generic/fgsm/eps_0_150/010_n000093_Adrianne_Le_n/0006_adv.png,0.15,0.131265
fgsm,0.15,False,-1,-1,10,n000093,Adrianne_Le_n,010_n000093_Adrianne_Le_n,dataset/clean/test/010_n000093_Adrianne_Le_n/0007.jpg,dataset/attacks/error_generic/fgsm/eps_0_150/010_n000093_Adrianne_Le_n/0007_adv.png,0.15,0.131463
fgsm,0.15,False,-1,-1,10,n000093,Adrianne_Le_n,010_n000093_Adrianne_Le_n,dataset/clean/test/010_n000093_Adrianne_Le_n/0008.jpg,dataset/attacks/error_generic/fgsm/eps_0_150/010_n000093_Adrianne_Le_n/0008_adv.png,0.15,0.131671
fgsm,0.15,False,-1,-1,10,n000093,Adrianne_Le_n,010_n000093_Adrianne_Le_n,dataset/clean/test/010_n000093_Adrianne_Le_n/0009.jpg,dataset/attacks/error_generic/fgsm/eps_0_150/010_n000093_Adrianne_Le_n/0009_adv.png,0.15,0.13282
fgsm,0.15,False,-1,-1,11,n000917,Bas_Dost,011_n000917_Bas_Dost,dataset/clean/test/011_n000917_Bas_Dost/0000.jpg,dataset/attacks/error_generic/fgsm/eps_0_150/011_n000917_Bas_Dost/0000_adv.png,0.15,0.134499
fgsm,0.15,False,-1,-1,11,n000917,Bas_Dost,011_n000917_Bas_Dost,dataset/clean/test/011_n000917_Bas_Dost/0001.jpg,dataset/attacks/error_generic/fgsm/eps_0_150/011_n000917_Bas_Dost/0001_adv.png,0.15,0.139641
fgsm,0.15,False,-1,-1,11,n000917,Bas_Dost,011_n000917_Bas_Dost,dataset/clean/test/011_n000917_Bas_Dost/0002.jpg,dataset/attacks/error_generic/fgsm/eps_0_150/011_n000917_Bas_Dost/0002_adv.png,0.15,0.135826
fgsm,0.15,False,-1,-1,11,n000917,Bas_Dost,011_n000917_Bas_Dost,dataset/clean/test/011_n000917_Bas_Dost/0003.jpg,dataset/attacks/error_generic/fgsm/eps_0_150/011_n000917_Bas_Dost/0003_adv.png,0.15,0.139714
fgsm,0.15,False,-1,-1,11,n000917,Bas_Dost,011_n000917_Bas_Dost,dataset/clean/test/011_n000917_Bas_Dost/0004.jpg,dataset/attacks/error_generic/fgsm/eps_0_150/011_n000917_Bas_Dost/0004_adv.png,0.15,0.12796
fgsm,0.15,False,-1,-1,11,n000917,Bas_Dost,011_n000917_Bas_Dost,dataset/clean/test/011_n000917_Bas_Dost/0005.jpg,dataset/attacks/error_generic/fgsm/eps_0_150/011_n000917_Bas_Dost/0005_adv.png,0.15,0.135913
fgsm,0.15,False,-1,-1,11,n000917,Bas_Dost,011_n000917_Bas_Dost,dataset/clean/test/011_n000917_Bas_Dost/0006.jpg,dataset/attacks/error_generic/fgsm/eps_0_150/011_n000917_Bas_Dost/0006_adv.png,0.15,0.137629
fgsm,0.15,False,-1,-1,11,n000917,Bas_Dost,011_n000917_Bas_Dost,dataset/clean/test/011_n000917_Bas_Dost/0007.jpg,dataset/attacks/error_generic/fgsm/eps_0_150/011_n000917_Bas_Dost/0007_adv.png,0.15,0.134759
fgsm,0.15,False,-1,-1,11,n000917,Bas_Dost,011_n000917_Bas_Dost,dataset/clean/test/011_n000917_Bas_Dost/0008.jpg,dataset/attacks/error_generic/fgsm/eps_0_150/011_n000917_Bas_Dost/0008_adv.png,0.15,0.136772
fgsm,0.15,False,-1,-1,11,n000917,Bas_Dost,011_n000917_Bas_Dost,dataset/clean/test/011_n000917_Bas_Dost/0009.jpg,dataset/attacks/error_generic/fgsm/eps_0_150/011_n000917_Bas_Dost/0009_adv.png,0.15,0.134513
fgsm,0.15,False,-1,-1,12,n001173,Brandon_Roy,012_n001173_Brandon_Roy,dataset/clean/test/012_n001173_Brandon_Roy/0000.jpg,dataset/attacks/error_generic/fgsm/eps_0_150/012_n001173_Brandon_Roy/0000_adv.png,0.15,0.124729
fgsm,0.15,False,-1,-1,12,n001173,Brandon_Roy,012_n001173_Brandon_Roy,dataset/clean/test/012_n001173_Brandon_Roy/0001.jpg,dataset/attacks/error_generic/fgsm/eps_0_150/012_n001173_Brandon_Roy/0001_adv.png,0.15,0.140577
fgsm,0.15,False,-1,-1,12,n001173,Brandon_Roy,012_n001173_Brandon_Roy,dataset/clean/test/012_n001173_Brandon_Roy/0002.jpg,dataset/attacks/error_generic/fgsm/eps_0_150/012_n001173_Brandon_Roy/0002_adv.png,0.15,0.135985
fgsm,0.15,False,-1,-1,12,n001173,Brandon_Roy,012_n001173_Brandon_Roy,dataset/clean/test/012_n001173_Brandon_Roy/0003.jpg,dataset/attacks/error_generic/fgsm/eps_0_150/012_n001173_Brandon_Roy/0003_adv.png,0.15,0.134143
fgsm,0.15,False,-1,-1,12,n001173,Brandon_Roy,012_n001173_Brandon_Roy,dataset/clean/test/012_n001173_Brandon_Roy/0004.jpg,dataset/attacks/error_generic/fgsm/eps_0_150/012_n001173_Brandon_Roy/0004_adv.png,0.15,0.141708
fgsm,0.15,False,-1,-1,12,n001173,Brandon_Roy,012_n001173_Brandon_Roy,dataset/clean/test/012_n001173_Brandon_Roy/0005.jpg,dataset/attacks/error_generic/fgsm/eps_0_150/012_n001173_Brandon_Roy/0005_adv.png,0.15,0.142629
fgsm,0.15,False,-1,-1,12,n001173,Brandon_Roy,012_n001173_Brandon_Roy,dataset/clean/test/012_n001173_Brandon_Roy/0006.jpg,dataset/attacks/error_generic/fgsm/eps_0_150/012_n001173_Brandon_Roy/0006_adv.png,0.15,0.102938
fgsm,0.15,False,-1,-1,12,n001173,Brandon_Roy,012_n001173_Brandon_Roy,dataset/clean/test/012_n001173_Brandon_Roy/0007.jpg,dataset/attacks/error_generic/fgsm/eps_0_150/012_n001173_Brandon_Roy/0007_adv.png,0.15,0.132503
fgsm,0.15,False,-1,-1,12,n001173,Brandon_Roy,012_n001173_Brandon_Roy,dataset/clean/test/012_n001173_Brandon_Roy/0008.jpg,dataset/attacks/error_generic/fgsm/eps_0_150/012_n001173_Brandon_Roy/0008_adv.png,0.15,0.118629
fgsm,0.15,False,-1,-1,12,n001173,Brandon_Roy,012_n001173_Brandon_Roy,dataset/clean/test/012_n001173_Brandon_Roy/0009.jpg,dataset/attacks/error_generic/fgsm/eps_0_150/012_n001173_Brandon_Roy/0009_adv.png,0.15,0.142206
fgsm,0.15,False,-1,-1,13,n007841,Sean_Avery,013_n007841_Sean_Avery,dataset/clean/test/013_n007841_Sean_Avery/0000.jpg,dataset/attacks/error_generic/fgsm/eps_0_150/013_n007841_Sean_Avery/0000_adv.png,0.15,0.121032
fgsm,0.15,False,-1,-1,13,n007841,Sean_Avery,013_n007841_Sean_Avery,dataset/clean/test/013_n007841_Sean_Avery/0001.jpg,dataset/attacks/error_generic/fgsm/eps_0_150/013_n007841_Sean_Avery/0001_adv.png,0.15,0.137709
fgsm,0.15,False,-1,-1,13,n007841,Sean_Avery,013_n007841_Sean_Avery,dataset/clean/test/013_n007841_Sean_Avery/0002.jpg,dataset/attacks/error_generic/fgsm/eps_0_150/013_n007841_Sean_Avery/0002_adv.png,0.15,0.130951
fgsm,0.15,False,-1,-1,13,n007841,Sean_Avery,013_n007841_Sean_Avery,dataset/clean/test/013_n007841_Sean_Avery/0003.jpg,dataset/attacks/error_generic/fgsm/eps_0_150/013_n007841_Sean_Avery/0003_adv.png,0.15,0.131688
fgsm,0.15,False,-1,-1,13,n007841,Sean_Avery,013_n007841_Sean_Avery,dataset/clean/test/013_n007841_Sean_Avery/0004.jpg,dataset/attacks/error_generic/fgsm/eps_0_150/013_n007841_Sean_Avery/0004_adv.png,0.15,0.117274
fgsm,0.15,False,-1,-1,13,n007841,Sean_Avery,013_n007841_Sean_Avery,dataset/clean/test/013_n007841_Sean_Avery/0005.jpg,dataset/attacks/error_generic/fgsm/eps_0_150/013_n007841_Sean_Avery/0005_adv.png,0.15,0.115897
fgsm,0.15,False,-1,-1,13,n007841,Sean_Avery,013_n007841_Sean_Avery,dataset/clean/test/013_n007841_Sean_Avery/0006.jpg,dataset/attacks/error_generic/fgsm/eps_0_150/013_n007841_Sean_Avery/0006_adv.png,0.15,0.109888
fgsm,0.15,False,-1,-1,13,n007841,Sean_Avery,013_n007841_Sean_Avery,dataset/clean/test/013_n007841_Sean_Avery/0007.jpg,dataset/attacks/error_generic/fgsm/eps_0_150/013_n007841_Sean_Avery/0007_adv.png,0.15,0.126348
fgsm,0.15,False,-1,-1,13,n007841,Sean_Avery,013_n007841_Sean_Avery,dataset/clean/test/013_n007841_Sean_Avery/0008.jpg,dataset/attacks/error_generic/fgsm/eps_0_150/013_n007841_Sean_Avery/0008_adv.png,0.15,0.125898
fgsm,0.15,False,-1,-1,13,n007841,Sean_Avery,013_n007841_Sean_Avery,dataset/clean/test/013_n007841_Sean_Avery/0009.jpg,dataset/attacks/error_generic/fgsm/eps_0_150/013_n007841_Sean_Avery/0009_adv.png,0.15,0.136311
fgsm,0.15,False,-1,-1,14,n004143,Joanne_Peh,014_n004143_Joanne_Peh,dataset/clean/test/014_n004143_Joanne_Peh/0000.jpg,dataset/attacks/error_generic/fgsm/eps_0_150/014_n004143_Joanne_Peh/0000_adv.png,0.15,0.126756
fgsm,0.15,False,-1,-1,14,n004143,Joanne_Peh,014_n004143_Joanne_Peh,dataset/clean/test/014_n004143_Joanne_Peh/0001.jpg,dataset/attacks/error_generic/fgsm/eps_0_150/014_n004143_Joanne_Peh/0001_adv.png,0.15,0.14163
fgsm,0.15,False,-1,-1,14,n004143,Joanne_Peh,014_n004143_Joanne_Peh,dataset/clean/test/014_n004143_Joanne_Peh/0002.jpg,dataset/attacks/error_generic/fgsm/eps_0_150/014_n004143_Joanne_Peh/0002_adv.png,0.15,0.126718
fgsm,0.15,False,-1,-1,14,n004143,Joanne_Peh,014_n004143_Joanne_Peh,dataset/clean/test/014_n004143_Joanne_Peh/0003.jpg,dataset/attacks/error_generic/fgsm/eps_0_150/014_n004143_Joanne_Peh/0003_adv.png,0.15,0.143105
fgsm,0.15,False,-1,-1,14,n004143,Joanne_Peh,014_n004143_Joanne_Peh,dataset/clean/test/014_n004143_Joanne_Peh/0004.jpg,dataset/attacks/error_generic/fgsm/eps_0_150/014_n004143_Joanne_Peh/0004_adv.png,0.15,0.125943
fgsm,0.15,False,-1,-1,14,n004143,Joanne_Peh,014_n004143_Joanne_Peh,dataset/clean/test/014_n004143_Joanne_Peh/0005.jpg,dataset/attacks/error_generic/fgsm/eps_0_150/014_n004143_Joanne_Peh/0005_adv.png,0.15,0.140217
fgsm,0.15,False,-1,-1,14,n004143,Joanne_Peh,014_n004143_Joanne_Peh,dataset/clean/test/014_n004143_Joanne_Peh/0006.jpg,dataset/attacks/error_generic/fgsm/eps_0_150/014_n004143_Joanne_Peh/0006_adv.png,0.15,0.1296
fgsm,0.15,False,-1,-1,14,n004143,Joanne_Peh,014_n004143_Joanne_Peh,dataset/clean/test/014_n004143_Joanne_Peh/0007.jpg,dataset/attacks/error_generic/fgsm/eps_0_150/014_n004143_Joanne_Peh/0007_adv.png,0.15,0.11755
fgsm,0.15,False,-1,-1,14,n004143,Joanne_Peh,014_n004143_Joanne_Peh,dataset/clean/test/014_n004143_Joanne_Peh/0008.jpg,dataset/attacks/error_generic/fgsm/eps_0_150/014_n004143_Joanne_Peh/0008_adv.png,0.15,0.12709
fgsm,0.15,False,-1,-1,14,n004143,Joanne_Peh,014_n004143_Joanne_Peh,dataset/clean/test/014_n004143_Joanne_Peh/0009.jpg,dataset/attacks/error_generic/fgsm/eps_0_150/014_n004143_Joanne_Peh/0009_adv.png,0.15,0.126922
fgsm,0.15,False,-1,-1,15,n003444,Herv__Mariton,015_n003444_Herv__Mariton,dataset/clean/test/015_n003444_Herv__Mariton/0000.jpg,dataset/attacks/error_generic/fgsm/eps_0_150/015_n003444_Herv__Mariton/0000_adv.png,0.15,0.139393
fgsm,0.15,False,-1,-1,15,n003444,Herv__Mariton,015_n003444_Herv__Mariton,dataset/clean/test/015_n003444_Herv__Mariton/0001.jpg,dataset/attacks/error_generic/fgsm/eps_0_150/015_n003444_Herv__Mariton/0001_adv.png,0.15,0.136223
fgsm,0.15,False,-1,-1,15,n003444,Herv__Mariton,015_n003444_Herv__Mariton,dataset/clean/test/015_n003444_Herv__Mariton/0002.jpg,dataset/attacks/error_generic/fgsm/eps_0_150/015_n003444_Herv__Mariton/0002_adv.png,0.15,0.128374
fgsm,0.15,False,-1,-1,15,n003444,Herv__Mariton,015_n003444_Herv__Mariton,dataset/clean/test/015_n003444_Herv__Mariton/0003.jpg,dataset/attacks/error_generic/fgsm/eps_0_150/015_n003444_Herv__Mariton/0003_adv.png,0.15,0.120236
fgsm,0.15,False,-1,-1,15,n003444,Herv__Mariton,015_n003444_Herv__Mariton,dataset/clean/test/015_n003444_Herv__Mariton/0004.jpg,dataset/attacks/error_generic/fgsm/eps_0_150/015_n003444_Herv__Mariton/0004_adv.png,0.15,0.138032
fgsm,0.15,False,-1,-1,15,n003444,Herv__Mariton,015_n003444_Herv__Mariton,dataset/clean/test/015_n003444_Herv__Mariton/0005.jpg,dataset/attacks/error_generic/fgsm/eps_0_150/015_n003444_Herv__Mariton/0005_adv.png,0.15,0.132712
fgsm,0.15,False,-1,-1,15,n003444,Herv__Mariton,015_n003444_Herv__Mariton,dataset/clean/test/015_n003444_Herv__Mariton/0006.jpg,dataset/attacks/error_generic/fgsm/eps_0_150/015_n003444_Herv__Mariton/0006_adv.png,0.15,0.131911
fgsm,0.15,False,-1,-1,15,n003444,Herv__Mariton,015_n003444_Herv__Mariton,dataset/clean/test/015_n003444_Herv__Mariton/0007.jpg,dataset/attacks/error_generic/fgsm/eps_0_150/015_n003444_Herv__Mariton/0007_adv.png,0.15,0.125963
fgsm,0.15,False,-1,-1,15,n003444,Herv__Mariton,015_n003444_Herv__Mariton,dataset/clean/test/015_n003444_Herv__Mariton/0008.jpg,dataset/attacks/error_generic/fgsm/eps_0_150/015_n003444_Herv__Mariton/0008_adv.png,0.15,0.141791
fgsm,0.15,False,-1,-1,15,n003444,Herv__Mariton,015_n003444_Herv__Mariton,dataset/clean/test/015_n003444_Herv__Mariton/0009.jpg,dataset/attacks/error_generic/fgsm/eps_0_150/015_n003444_Herv__Mariton/0009_adv.png,0.15,0.127829
fgsm,0.15,False,-1,-1,16,n008084,Simon_Rattle,016_n008084_Simon_Rattle,dataset/clean/test/016_n008084_Simon_Rattle/0000.jpg,dataset/attacks/error_generic/fgsm/eps_0_150/016_n008084_Simon_Rattle/0000_adv.png,0.15,0.122128
fgsm,0.15,False,-1,-1,16,n008084,Simon_Rattle,016_n008084_Simon_Rattle,dataset/clean/test/016_n008084_Simon_Rattle/0001.jpg,dataset/attacks/error_generic/fgsm/eps_0_150/016_n008084_Simon_Rattle/0001_adv.png,0.15,0.126395
fgsm,0.15,False,-1,-1,16,n008084,Simon_Rattle,016_n008084_Simon_Rattle,dataset/clean/test/016_n008084_Simon_Rattle/0002.jpg,dataset/attacks/error_generic/fgsm/eps_0_150/016_n008084_Simon_Rattle/0002_adv.png,0.15,0.119263
fgsm,0.15,False,-1,-1,16,n008084,Simon_Rattle,016_n008084_Simon_Rattle,dataset/clean/test/016_n008084_Simon_Rattle/0003.jpg,dataset/attacks/error_generic/fgsm/eps_0_150/016_n008084_Simon_Rattle/0003_adv.png,0.15,0.127441
fgsm,0.15,False,-1,-1,16,n008084,Simon_Rattle,016_n008084_Simon_Rattle,dataset/clean/test/016_n008084_Simon_Rattle/0004.jpg,dataset/attacks/error_generic/fgsm/eps_0_150/016_n008084_Simon_Rattle/0004_adv.png,0.15,0.129995
fgsm,0.15,False,-1,-1,16,n008084,Simon_Rattle,016_n008084_Simon_Rattle,dataset/clean/test/016_n008084_Simon_Rattle/0005.jpg,dataset/attacks/error_generic/fgsm/eps_0_150/016_n008084_Simon_Rattle/0005_adv.png,0.15,0.115652
fgsm,0.15,False,-1,-1,16,n008084,Simon_Rattle,016_n008084_Simon_Rattle,dataset/clean/test/016_n008084_Simon_Rattle/0006.jpg,dataset/attacks/error_generic/fgsm/eps_0_150/016_n008084_Simon_Rattle/0006_adv.png,0.15,0.135771
fgsm,0.15,False,-1,-1,16,n008084,Simon_Rattle,016_n008084_Simon_Rattle,dataset/clean/test/016_n008084_Simon_Rattle/0007.jpg,dataset/attacks/error_generic/fgsm/eps_0_150/016_n008084_Simon_Rattle/0007_adv.png,0.15,0.129863
fgsm,0.15,False,-1,-1,16,n008084,Simon_Rattle,016_n008084_Simon_Rattle,dataset/clean/test/016_n008084_Simon_Rattle/0008.jpg,dataset/attacks/error_generic/fgsm/eps_0_150/016_n008084_Simon_Rattle/0008_adv.png,0.15,0.135246
fgsm,0.15,False,-1,-1,16,n008084,Simon_Rattle,016_n008084_Simon_Rattle,dataset/clean/test/016_n008084_Simon_Rattle/0009.jpg,dataset/attacks/error_generic/fgsm/eps_0_150/016_n008084_Simon_Rattle/0009_adv.png,0.15,0.129154
fgsm,0.15,False,-1,-1,17,n000342,Alison_Riske,017_n000342_Alison_Riske,dataset/clean/test/017_n000342_Alison_Riske/0000.jpg,dataset/attacks/error_generic/fgsm/eps_0_150/017_n000342_Alison_Riske/0000_adv.png,0.15,0.137306
fgsm,0.15,False,-1,-1,17,n000342,Alison_Riske,017_n000342_Alison_Riske,dataset/clean/test/017_n000342_Alison_Riske/0001.jpg,dataset/attacks/error_generic/fgsm/eps_0_150/017_n000342_Alison_Riske/0001_adv.png,0.15,0.138354
fgsm,0.15,False,-1,-1,17,n000342,Alison_Riske,017_n000342_Alison_Riske,dataset/clean/test/017_n000342_Alison_Riske/0002.jpg,dataset/attacks/error_generic/fgsm/eps_0_150/017_n000342_Alison_Riske/0002_adv.png,0.15,0.136605
fgsm,0.15,False,-1,-1,17,n000342,Alison_Riske,017_n000342_Alison_Riske,dataset/clean/test/017_n000342_Alison_Riske/0003.jpg,dataset/attacks/error_generic/fgsm/eps_0_150/017_n000342_Alison_Riske/0003_adv.png,0.15,0.141199
fgsm,0.15,False,-1,-1,17,n000342,Alison_Riske,017_n000342_Alison_Riske,dataset/clean/test/017_n000342_Alison_Riske/0004.jpg,dataset/attacks/error_generic/fgsm/eps_0_150/017_n000342_Alison_Riske/0004_adv.png,0.15,0.1399
fgsm,0.15,False,-1,-1,17,n000342,Alison_Riske,017_n000342_Alison_Riske,dataset/clean/test/017_n000342_Alison_Riske/0005.jpg,dataset/attacks/error_generic/fgsm/eps_0_150/017_n000342_Alison_Riske/0005_adv.png,0.15,0.130412
fgsm,0.15,False,-1,-1,17,n000342,Alison_Riske,017_n000342_Alison_Riske,dataset/clean/test/017_n000342_Alison_Riske/0006.jpg,dataset/attacks/error_generic/fgsm/eps_0_150/017_n000342_Alison_Riske/0006_adv.png,0.15,0.130957
fgsm,0.15,False,-1,-1,17,n000342,Alison_Riske,017_n000342_Alison_Riske,dataset/clean/test/017_n000342_Alison_Riske/0007.jpg,dataset/attacks/error_generic/fgsm/eps_0_150/017_n000342_Alison_Riske/0007_adv.png,0.15,0.132566
fgsm,0.15,False,-1,-1,17,n000342,Alison_Riske,017_n000342_Alison_Riske,dataset/clean/test/017_n000342_Alison_Riske/0008.jpg,dataset/attacks/error_generic/fgsm/eps_0_150/017_n000342_Alison_Riske/0008_adv.png,0.15,0.133488
fgsm,0.15,False,-1,-1,17,n000342,Alison_Riske,017_n000342_Alison_Riske,dataset/clean/test/017_n000342_Alison_Riske/0009.jpg,dataset/attacks/error_generic/fgsm/eps_0_150/017_n000342_Alison_Riske/0009_adv.png,0.15,0.143743
fgsm,0.15,False,-1,-1,18,n009040,Wu_Chun,018_n009040_Wu_Chun,dataset/clean/test/018_n009040_Wu_Chun/0000.jpg,dataset/attacks/error_generic/fgsm/eps_0_150/018_n009040_Wu_Chun/0000_adv.png,0.15,0.137784
fgsm,0.15,False,-1,-1,18,n009040,Wu_Chun,018_n009040_Wu_Chun,dataset/clean/test/018_n009040_Wu_Chun/0001.jpg,dataset/attacks/error_generic/fgsm/eps_0_150/018_n009040_Wu_Chun/0001_adv.png,0.15,0.122073
fgsm,0.15,False,-1,-1,18,n009040,Wu_Chun,018_n009040_Wu_Chun,dataset/clean/test/018_n009040_Wu_Chun/0002.jpg,dataset/attacks/error_generic/fgsm/eps_0_150/018_n009040_Wu_Chun/0002_adv.png,0.15,0.135573
fgsm,0.15,False,-1,-1,18,n009040,Wu_Chun,018_n009040_Wu_Chun,dataset/clean/test/018_n009040_Wu_Chun/0003.jpg,dataset/attacks/error_generic/fgsm/eps_0_150/018_n009040_Wu_Chun/0003_adv.png,0.15,0.135621
fgsm,0.15,False,-1,-1,18,n009040,Wu_Chun,018_n009040_Wu_Chun,dataset/clean/test/018_n009040_Wu_Chun/0004.jpg,dataset/attacks/error_generic/fgsm/eps_0_150/018_n009040_Wu_Chun/0004_adv.png,0.15,0.126041
fgsm,0.15,False,-1,-1,18,n009040,Wu_Chun,018_n009040_Wu_Chun,dataset/clean/test/018_n009040_Wu_Chun/0005.jpg,dataset/attacks/error_generic/fgsm/eps_0_150/018_n009040_Wu_Chun/0005_adv.png,0.15,0.129767
fgsm,0.15,False,-1,-1,18,n009040,Wu_Chun,018_n009040_Wu_Chun,dataset/clean/test/018_n009040_Wu_Chun/0006.jpg,dataset/attacks/error_generic/fgsm/eps_0_150/018_n009040_Wu_Chun/0006_adv.png,0.15,0.125889
fgsm,0.15,False,-1,-1,18,n009040,Wu_Chun,018_n009040_Wu_Chun,dataset/clean/test/018_n009040_Wu_Chun/0007.jpg,dataset/attacks/error_generic/fgsm/eps_0_150/018_n009040_Wu_Chun/0007_adv.png,0.15,0.121577
fgsm,0.15,False,-1,-1,18,n009040,Wu_Chun,018_n009040_Wu_Chun,dataset/clean/test/018_n009040_Wu_Chun/0008.jpg,dataset/attacks/error_generic/fgsm/eps_0_150/018_n009040_Wu_Chun/0008_adv.png,0.15,0.138822
fgsm,0.15,False,-1,-1,18,n009040,Wu_Chun,018_n009040_Wu_Chun,dataset/clean/test/018_n009040_Wu_Chun/0009.jpg,dataset/attacks/error_generic/fgsm/eps_0_150/018_n009040_Wu_Chun/0009_adv.png,0.15,0.141952
fgsm,0.15,False,-1,-1,19,n006844,Paul_Le_Guen,019_n006844_Paul_Le_Guen,dataset/clean/test/019_n006844_Paul_Le_Guen/0000.jpg,dataset/attacks/error_generic/fgsm/eps_0_150/019_n006844_Paul_Le_Guen/0000_adv.png,0.15,0.138558
fgsm,0.15,False,-1,-1,19,n006844,Paul_Le_Guen,019_n006844_Paul_Le_Guen,dataset/clean/test/019_n006844_Paul_Le_Guen/0001.jpg,dataset/attacks/error_generic/fgsm/eps_0_150/019_n006844_Paul_Le_Guen/0001_adv.png,0.15,0.140537
fgsm,0.15,False,-1,-1,19,n006844,Paul_Le_Guen,019_n006844_Paul_Le_Guen,dataset/clean/test/019_n006844_Paul_Le_Guen/0002.jpg,dataset/attacks/error_generic/fgsm/eps_0_150/019_n006844_Paul_Le_Guen/0002_adv.png,0.15,0.143692
fgsm,0.15,False,-1,-1,19,n006844,Paul_Le_Guen,019_n006844_Paul_Le_Guen,dataset/clean/test/019_n006844_Paul_Le_Guen/0003.jpg,dataset/attacks/error_generic/fgsm/eps_0_150/019_n006844_Paul_Le_Guen/0003_adv.png,0.15,0.135721
fgsm,0.15,False,-1,-1,19,n006844,Paul_Le_Guen,019_n006844_Paul_Le_Guen,dataset/clean/test/019_n006844_Paul_Le_Guen/0004.jpg,dataset/attacks/error_generic/fgsm/eps_0_150/019_n006844_Paul_Le_Guen/0004_adv.png,0.15,0.137153
fgsm,0.15,False,-1,-1,19,n006844,Paul_Le_Guen,019_n006844_Paul_Le_Guen,dataset/clean/test/019_n006844_Paul_Le_Guen/0005.jpg,dataset/attacks/error_generic/fgsm/eps_0_150/019_n006844_Paul_Le_Guen/0005_adv.png,0.15,0.139641
fgsm,0.15,False,-1,-1,19,n006844,Paul_Le_Guen,019_n006844_Paul_Le_Guen,dataset/clean/test/019_n006844_Paul_Le_Guen/0006.jpg,dataset/attacks/error_generic/fgsm/eps_0_150/019_n006844_Paul_Le_Guen/0006_adv.png,0.15,0.140161
fgsm,0.15,False,-1,-1,19,n006844,Paul_Le_Guen,019_n006844_Paul_Le_Guen,dataset/clean/test/019_n006844_Paul_Le_Guen/0007.jpg,dataset/attacks/error_generic/fgsm/eps_0_150/019_n006844_Paul_Le_Guen/0007_adv.png,0.15,0.14199
fgsm,0.15,False,-1,-1,19,n006844,Paul_Le_Guen,019_n006844_Paul_Le_Guen,dataset/clean/test/019_n006844_Paul_Le_Guen/0008.jpg,dataset/attacks/error_generic/fgsm/eps_0_150/019_n006844_Paul_Le_Guen/0008_adv.png,0.15,0.126699
fgsm,0.15,False,-1,-1,19,n006844,Paul_Le_Guen,019_n006844_Paul_Le_Guen,dataset/clean/test/019_n006844_Paul_Le_Guen/0009.jpg,dataset/attacks/error_generic/fgsm/eps_0_150/019_n006844_Paul_Le_Guen/0009_adv.png,0.15,0.133622
fgsm,0.15,False,-1,-1,20,n003179,Govinda,020_n003179_Govinda,dataset/clean/test/020_n003179_Govinda/0000.jpg,dataset/attacks/error_generic/fgsm/eps_0_150/020_n003179_Govinda/0000_adv.png,0.15,0.114644
fgsm,0.15,False,-1,-1,20,n003179,Govinda,020_n003179_Govinda,dataset/clean/test/020_n003179_Govinda/0001.jpg,dataset/attacks/error_generic/fgsm/eps_0_150/020_n003179_Govinda/0001_adv.png,0.15,0.110196
fgsm,0.15,False,-1,-1,20,n003179,Govinda,020_n003179_Govinda,dataset/clean/test/020_n003179_Govinda/0002.jpg,dataset/attacks/error_generic/fgsm/eps_0_150/020_n003179_Govinda/0002_adv.png,0.15,0.139436
fgsm,0.15,False,-1,-1,20,n003179,Govinda,020_n003179_Govinda,dataset/clean/test/020_n003179_Govinda/0003.jpg,dataset/attacks/error_generic/fgsm/eps_0_150/020_n003179_Govinda/0003_adv.png,0.15,0.116878
fgsm,0.15,False,-1,-1,20,n003179,Govinda,020_n003179_Govinda,dataset/clean/test/020_n003179_Govinda/0004.jpg,dataset/attacks/error_generic/fgsm/eps_0_150/020_n003179_Govinda/0004_adv.png,0.15,0.095537
fgsm,0.15,False,-1,-1,20,n003179,Govinda,020_n003179_Govinda,dataset/clean/test/020_n003179_Govinda/0005.jpg,dataset/attacks/error_generic/fgsm/eps_0_150/020_n003179_Govinda/0005_adv.png,0.15,0.142351
fgsm,0.15,False,-1,-1,20,n003179,Govinda,020_n003179_Govinda,dataset/clean/test/020_n003179_Govinda/0006.jpg,dataset/attacks/error_generic/fgsm/eps_0_150/020_n003179_Govinda/0006_adv.png,0.15,0.136139
fgsm,0.15,False,-1,-1,20,n003179,Govinda,020_n003179_Govinda,dataset/clean/test/020_n003179_Govinda/0007.jpg,dataset/attacks/error_generic/fgsm/eps_0_150/020_n003179_Govinda/0007_adv.png,0.15,0.139131
fgsm,0.15,False,-1,-1,20,n003179,Govinda,020_n003179_Govinda,dataset/clean/test/020_n003179_Govinda/0008.jpg,dataset/attacks/error_generic/fgsm/eps_0_150/020_n003179_Govinda/0008_adv.png,0.15,0.139262
fgsm,0.15,False,-1,-1,20,n003179,Govinda,020_n003179_Govinda,dataset/clean/test/020_n003179_Govinda/0009.jpg,dataset/attacks/error_generic/fgsm/eps_0_150/020_n003179_Govinda/0009_adv.png,0.15,0.133186
fgsm,0.15,False,-1,-1,21,n000932,Beg_m_Birg_ren,021_n000932_Beg_m_Birg_ren,dataset/clean/test/021_n000932_Beg_m_Birg_ren/0000.jpg,dataset/attacks/error_generic/fgsm/eps_0_150/021_n000932_Beg_m_Birg_ren/0000_adv.png,0.15,0.130519
fgsm,0.15,False,-1,-1,21,n000932,Beg_m_Birg_ren,021_n000932_Beg_m_Birg_ren,dataset/clean/test/021_n000932_Beg_m_Birg_ren/0001.jpg,dataset/attacks/error_generic/fgsm/eps_0_150/021_n000932_Beg_m_Birg_ren/0001_adv.png,0.15,0.122067
fgsm,0.15,False,-1,-1,21,n000932,Beg_m_Birg_ren,021_n000932_Beg_m_Birg_ren,dataset/clean/test/021_n000932_Beg_m_Birg_ren/0002.jpg,dataset/attacks/error_generic/fgsm/eps_0_150/021_n000932_Beg_m_Birg_ren/0002_adv.png,0.15,0.135778
fgsm,0.15,False,-1,-1,21,n000932,Beg_m_Birg_ren,021_n000932_Beg_m_Birg_ren,dataset/clean/test/021_n000932_Beg_m_Birg_ren/0003.jpg,dataset/attacks/error_generic/fgsm/eps_0_150/021_n000932_Beg_m_Birg_ren/0003_adv.png,0.15,0.103094
fgsm,0.15,False,-1,-1,21,n000932,Beg_m_Birg_ren,021_n000932_Beg_m_Birg_ren,dataset/clean/test/021_n000932_Beg_m_Birg_ren/0004.jpg,dataset/attacks/error_generic/fgsm/eps_0_150/021_n000932_Beg_m_Birg_ren/0004_adv.png,0.15,0.105266
fgsm,0.15,False,-1,-1,21,n000932,Beg_m_Birg_ren,021_n000932_Beg_m_Birg_ren,dataset/clean/test/021_n000932_Beg_m_Birg_ren/0005.jpg,dataset/attacks/error_generic/fgsm/eps_0_150/021_n000932_Beg_m_Birg_ren/0005_adv.png,0.15,0.143224
fgsm,0.15,False,-1,-1,21,n000932,Beg_m_Birg_ren,021_n000932_Beg_m_Birg_ren,dataset/clean/test/021_n000932_Beg_m_Birg_ren/0006.jpg,dataset/attacks/error_generic/fgsm/eps_0_150/021_n000932_Beg_m_Birg_ren/0006_adv.png,0.15,0.135501
fgsm,0.15,False,-1,-1,21,n000932,Beg_m_Birg_ren,021_n000932_Beg_m_Birg_ren,dataset/clean/test/021_n000932_Beg_m_Birg_ren/0007.jpg,dataset/attacks/error_generic/fgsm/eps_0_150/021_n000932_Beg_m_Birg_ren/0007_adv.png,0.15,0.141081
fgsm,0.15,False,-1,-1,21,n000932,Beg_m_Birg_ren,021_n000932_Beg_m_Birg_ren,dataset/clean/test/021_n000932_Beg_m_Birg_ren/0008.jpg,dataset/attacks/error_generic/fgsm/eps_0_150/021_n000932_Beg_m_Birg_ren/0008_adv.png,0.15,0.129711
fgsm,0.15,False,-1,-1,21,n000932,Beg_m_Birg_ren,021_n000932_Beg_m_Birg_ren,dataset/clean/test/021_n000932_Beg_m_Birg_ren/0009.jpg,dataset/attacks/error_generic/fgsm/eps_0_150/021_n000932_Beg_m_Birg_ren/0009_adv.png,0.15,0.123636
fgsm,0.15,False,-1,-1,22,n005752,Mart_n_C_ceres,022_n005752_Mart_n_C_ceres,dataset/clean/test/022_n005752_Mart_n_C_ceres/0000.jpg,dataset/attacks/error_generic/fgsm/eps_0_150/022_n005752_Mart_n_C_ceres/0000_adv.png,0.15,0.134859
fgsm,0.15,False,-1,-1,22,n005752,Mart_n_C_ceres,022_n005752_Mart_n_C_ceres,dataset/clean/test/022_n005752_Mart_n_C_ceres/0001.jpg,dataset/attacks/error_generic/fgsm/eps_0_150/022_n005752_Mart_n_C_ceres/0001_adv.png,0.15,0.12405
fgsm,0.15,False,-1,-1,22,n005752,Mart_n_C_ceres,022_n005752_Mart_n_C_ceres,dataset/clean/test/022_n005752_Mart_n_C_ceres/0002.jpg,dataset/attacks/error_generic/fgsm/eps_0_150/022_n005752_Mart_n_C_ceres/0002_adv.png,0.15,0.13676
fgsm,0.15,False,-1,-1,22,n005752,Mart_n_C_ceres,022_n005752_Mart_n_C_ceres,dataset/clean/test/022_n005752_Mart_n_C_ceres/0003.jpg,dataset/attacks/error_generic/fgsm/eps_0_150/022_n005752_Mart_n_C_ceres/0003_adv.png,0.15,0.13228
fgsm,0.15,False,-1,-1,22,n005752,Mart_n_C_ceres,022_n005752_Mart_n_C_ceres,dataset/clean/test/022_n005752_Mart_n_C_ceres/0004.jpg,dataset/attacks/error_generic/fgsm/eps_0_150/022_n005752_Mart_n_C_ceres/0004_adv.png,0.15,0.127956
fgsm,0.15,False,-1,-1,22,n005752,Mart_n_C_ceres,022_n005752_Mart_n_C_ceres,dataset/clean/test/022_n005752_Mart_n_C_ceres/0005.jpg,dataset/attacks/error_generic/fgsm/eps_0_150/022_n005752_Mart_n_C_ceres/0005_adv.png,0.15,0.13132
fgsm,0.15,False,-1,-1,22,n005752,Mart_n_C_ceres,022_n005752_Mart_n_C_ceres,dataset/clean/test/022_n005752_Mart_n_C_ceres/0006.jpg,dataset/attacks/error_generic/fgsm/eps_0_150/022_n005752_Mart_n_C_ceres/0006_adv.png,0.15,0.135306
fgsm,0.15,False,-1,-1,22,n005752,Mart_n_C_ceres,022_n005752_Mart_n_C_ceres,dataset/clean/test/022_n005752_Mart_n_C_ceres/0007.jpg,dataset/attacks/error_generic/fgsm/eps_0_150/022_n005752_Mart_n_C_ceres/0007_adv.png,0.15,0.143295
fgsm,0.15,False,-1,-1,22,n005752,Mart_n_C_ceres,022_n005752_Mart_n_C_ceres,dataset/clean/test/022_n005752_Mart_n_C_ceres/0008.jpg,dataset/attacks/error_generic/fgsm/eps_0_150/022_n005752_Mart_n_C_ceres/0008_adv.png,0.15,0.117526
fgsm,0.15,False,-1,-1,22,n005752,Mart_n_C_ceres,022_n005752_Mart_n_C_ceres,dataset/clean/test/022_n005752_Mart_n_C_ceres/0009.jpg,dataset/attacks/error_generic/fgsm/eps_0_150/022_n005752_Mart_n_C_ceres/0009_adv.png,0.15,0.132878
fgsm,0.15,False,-1,-1,23,n007405,Robbie_Farah,023_n007405_Robbie_Farah,dataset/clean/test/023_n007405_Robbie_Farah/0000.jpg,dataset/attacks/error_generic/fgsm/eps_0_150/023_n007405_Robbie_Farah/0000_adv.png,0.15,0.13861
fgsm,0.15,False,-1,-1,23,n007405,Robbie_Farah,023_n007405_Robbie_Farah,dataset/clean/test/023_n007405_Robbie_Farah/0001.jpg,dataset/attacks/error_generic/fgsm/eps_0_150/023_n007405_Robbie_Farah/0001_adv.png,0.15,0.138422
fgsm,0.15,False,-1,-1,23,n007405,Robbie_Farah,023_n007405_Robbie_Farah,dataset/clean/test/023_n007405_Robbie_Farah/0002.jpg,dataset/attacks/error_generic/fgsm/eps_0_150/023_n007405_Robbie_Farah/0002_adv.png,0.15,0.13363
fgsm,0.15,False,-1,-1,23,n007405,Robbie_Farah,023_n007405_Robbie_Farah,dataset/clean/test/023_n007405_Robbie_Farah/0003.jpg,dataset/attacks/error_generic/fgsm/eps_0_150/023_n007405_Robbie_Farah/0003_adv.png,0.15,0.135496
fgsm,0.15,False,-1,-1,23,n007405,Robbie_Farah,023_n007405_Robbie_Farah,dataset/clean/test/023_n007405_Robbie_Farah/0004.jpg,dataset/attacks/error_generic/fgsm/eps_0_150/023_n007405_Robbie_Farah/0004_adv.png,0.15,0.127773
fgsm,0.15,False,-1,-1,23,n007405,Robbie_Farah,023_n007405_Robbie_Farah,dataset/clean/test/023_n007405_Robbie_Farah/0005.jpg,dataset/attacks/error_generic/fgsm/eps_0_150/023_n007405_Robbie_Farah/0005_adv.png,0.15,0.128469
fgsm,0.15,False,-1,-1,23,n007405,Robbie_Farah,023_n007405_Robbie_Farah,dataset/clean/test/023_n007405_Robbie_Farah/0006.jpg,dataset/attacks/error_generic/fgsm/eps_0_150/023_n007405_Robbie_Farah/0006_adv.png,0.15,0.106614
fgsm,0.15,False,-1,-1,23,n007405,Robbie_Farah,023_n007405_Robbie_Farah,dataset/clean/test/023_n007405_Robbie_Farah/0007.jpg,dataset/attacks/error_generic/fgsm/eps_0_150/023_n007405_Robbie_Farah/0007_adv.png,0.15,0.133596
fgsm,0.15,False,-1,-1,23,n007405,Robbie_Farah,023_n007405_Robbie_Farah,dataset/clean/test/023_n007405_Robbie_Farah/0008.jpg,dataset/attacks/error_generic/fgsm/eps_0_150/023_n007405_Robbie_Farah/0008_adv.png,0.15,0.139649
fgsm,0.15,False,-1,-1,23,n007405,Robbie_Farah,023_n007405_Robbie_Farah,dataset/clean/test/023_n007405_Robbie_Farah/0009.jpg,dataset/attacks/error_generic/fgsm/eps_0_150/023_n007405_Robbie_Farah/0009_adv.png,0.15,0.135771
fgsm,0.15,False,-1,-1,24,n008389,Tamara_Beckwith,024_n008389_Tamara_Beckwith,dataset/clean/test/024_n008389_Tamara_Beckwith/0000.jpg,dataset/attacks/error_generic/fgsm/eps_0_150/024_n008389_Tamara_Beckwith/0000_adv.png,0.15,0.135433
fgsm,0.15,False,-1,-1,24,n008389,Tamara_Beckwith,024_n008389_Tamara_Beckwith,dataset/clean/test/024_n008389_Tamara_Beckwith/0001.jpg,dataset/attacks/error_generic/fgsm/eps_0_150/024_n008389_Tamara_Beckwith/0001_adv.png,0.15,0.128781
fgsm,0.15,False,-1,-1,24,n008389,Tamara_Beckwith,024_n008389_Tamara_Beckwith,dataset/clean/test/024_n008389_Tamara_Beckwith/0002.jpg,dataset/attacks/error_generic/fgsm/eps_0_150/024_n008389_Tamara_Beckwith/0002_adv.png,0.15,0.128369
fgsm,0.15,False,-1,-1,24,n008389,Tamara_Beckwith,024_n008389_Tamara_Beckwith,dataset/clean/test/024_n008389_Tamara_Beckwith/0003.jpg,dataset/attacks/error_generic/fgsm/eps_0_150/024_n008389_Tamara_Beckwith/0003_adv.png,0.15,0.134145
fgsm,0.15,False,-1,-1,24,n008389,Tamara_Beckwith,024_n008389_Tamara_Beckwith,dataset/clean/test/024_n008389_Tamara_Beckwith/0004.jpg,dataset/attacks/error_generic/fgsm/eps_0_150/024_n008389_Tamara_Beckwith/0004_adv.png,0.15,0.143042
fgsm,0.15,False,-1,-1,24,n008389,Tamara_Beckwith,024_n008389_Tamara_Beckwith,dataset/clean/test/024_n008389_Tamara_Beckwith/0005.jpg,dataset/attacks/error_generic/fgsm/eps_0_150/024_n008389_Tamara_Beckwith/0005_adv.png,0.15,0.139351
fgsm,0.15,False,-1,-1,24,n008389,Tamara_Beckwith,024_n008389_Tamara_Beckwith,dataset/clean/test/024_n008389_Tamara_Beckwith/0006.jpg,dataset/attacks/error_generic/fgsm/eps_0_150/024_n008389_Tamara_Beckwith/0006_adv.png,0.15,0.131048
fgsm,0.15,False,-1,-1,24,n008389,Tamara_Beckwith,024_n008389_Tamara_Beckwith,dataset/clean/test/024_n008389_Tamara_Beckwith/0007.jpg,dataset/attacks/error_generic/fgsm/eps_0_150/024_n008389_Tamara_Beckwith/0007_adv.png,0.15,0.139491
fgsm,0.15,False,-1,-1,24,n008389,Tamara_Beckwith,024_n008389_Tamara_Beckwith,dataset/clean/test/024_n008389_Tamara_Beckwith/0008.jpg,dataset/attacks/error_generic/fgsm/eps_0_150/024_n008389_Tamara_Beckwith/0008_adv.png,0.15,0.118592
fgsm,0.15,False,-1,-1,24,n008389,Tamara_Beckwith,024_n008389_Tamara_Beckwith,dataset/clean/test/024_n008389_Tamara_Beckwith/0009.jpg,dataset/attacks/error_generic/fgsm/eps_0_150/024_n008389_Tamara_Beckwith/0009_adv.png,0.15,0.141345
fgsm,0.15,False,-1,-1,25,n005845,Maura_Rivera,025_n005845_Maura_Rivera,dataset/clean/test/025_n005845_Maura_Rivera/0000.jpg,dataset/attacks/error_generic/fgsm/eps_0_150/025_n005845_Maura_Rivera/0000_adv.png,0.15,0.122947
fgsm,0.15,False,-1,-1,25,n005845,Maura_Rivera,025_n005845_Maura_Rivera,dataset/clean/test/025_n005845_Maura_Rivera/0001.jpg,dataset/attacks/error_generic/fgsm/eps_0_150/025_n005845_Maura_Rivera/0001_adv.png,0.15,0.141088
fgsm,0.15,False,-1,-1,25,n005845,Maura_Rivera,025_n005845_Maura_Rivera,dataset/clean/test/025_n005845_Maura_Rivera/0002.jpg,dataset/attacks/error_generic/fgsm/eps_0_150/025_n005845_Maura_Rivera/0002_adv.png,0.15,0.138616
fgsm,0.15,False,-1,-1,25,n005845,Maura_Rivera,025_n005845_Maura_Rivera,dataset/clean/test/025_n005845_Maura_Rivera/0003.jpg,dataset/attacks/error_generic/fgsm/eps_0_150/025_n005845_Maura_Rivera/0003_adv.png,0.15,0.141355
fgsm,0.15,False,-1,-1,25,n005845,Maura_Rivera,025_n005845_Maura_Rivera,dataset/clean/test/025_n005845_Maura_Rivera/0004.jpg,dataset/attacks/error_generic/fgsm/eps_0_150/025_n005845_Maura_Rivera/0004_adv.png,0.15,0.137622
fgsm,0.15,False,-1,-1,25,n005845,Maura_Rivera,025_n005845_Maura_Rivera,dataset/clean/test/025_n005845_Maura_Rivera/0005.jpg,dataset/attacks/error_generic/fgsm/eps_0_150/025_n005845_Maura_Rivera/0005_adv.png,0.15,0.139875
fgsm,0.15,False,-1,-1,25,n005845,Maura_Rivera,025_n005845_Maura_Rivera,dataset/clean/test/025_n005845_Maura_Rivera/0006.jpg,dataset/attacks/error_generic/fgsm/eps_0_150/025_n005845_Maura_Rivera/0006_adv.png,0.15,0.128506
fgsm,0.15,False,-1,-1,25,n005845,Maura_Rivera,025_n005845_Maura_Rivera,dataset/clean/test/025_n005845_Maura_Rivera/0007.jpg,dataset/attacks/error_generic/fgsm/eps_0_150/025_n005845_Maura_Rivera/0007_adv.png,0.15,0.132921
fgsm,0.15,False,-1,-1,25,n005845,Maura_Rivera,025_n005845_Maura_Rivera,dataset/clean/test/025_n005845_Maura_Rivera/0008.jpg,dataset/attacks/error_generic/fgsm/eps_0_150/025_n005845_Maura_Rivera/0008_adv.png,0.15,0.11493
fgsm,0.15,False,-1,-1,25,n005845,Maura_Rivera,025_n005845_Maura_Rivera,dataset/clean/test/025_n005845_Maura_Rivera/0009.jpg,dataset/attacks/error_generic/fgsm/eps_0_150/025_n005845_Maura_Rivera/0009_adv.png,0.15,0.14165
fgsm,0.15,False,-1,-1,26,n005704,Marky_Cielo,026_n005704_Marky_Cielo,dataset/clean/test/026_n005704_Marky_Cielo/0000.jpg,dataset/attacks/error_generic/fgsm/eps_0_150/026_n005704_Marky_Cielo/0000_adv.png,0.15,0.140324
fgsm,0.15,False,-1,-1,26,n005704,Marky_Cielo,026_n005704_Marky_Cielo,dataset/clean/test/026_n005704_Marky_Cielo/0001.jpg,dataset/attacks/error_generic/fgsm/eps_0_150/026_n005704_Marky_Cielo/0001_adv.png,0.15,0.141494
fgsm,0.15,False,-1,-1,26,n005704,Marky_Cielo,026_n005704_Marky_Cielo,dataset/clean/test/026_n005704_Marky_Cielo/0002.jpg,dataset/attacks/error_generic/fgsm/eps_0_150/026_n005704_Marky_Cielo/0002_adv.png,0.15,0.134298
fgsm,0.15,False,-1,-1,26,n005704,Marky_Cielo,026_n005704_Marky_Cielo,dataset/clean/test/026_n005704_Marky_Cielo/0003.jpg,dataset/attacks/error_generic/fgsm/eps_0_150/026_n005704_Marky_Cielo/0003_adv.png,0.15,0.114654
fgsm,0.15,False,-1,-1,26,n005704,Marky_Cielo,026_n005704_Marky_Cielo,dataset/clean/test/026_n005704_Marky_Cielo/0004.jpg,dataset/attacks/error_generic/fgsm/eps_0_150/026_n005704_Marky_Cielo/0004_adv.png,0.15,0.097136
fgsm,0.15,False,-1,-1,26,n005704,Marky_Cielo,026_n005704_Marky_Cielo,dataset/clean/test/026_n005704_Marky_Cielo/0005.jpg,dataset/attacks/error_generic/fgsm/eps_0_150/026_n005704_Marky_Cielo/0005_adv.png,0.15,0.124895
fgsm,0.15,False,-1,-1,26,n005704,Marky_Cielo,026_n005704_Marky_Cielo,dataset/clean/test/026_n005704_Marky_Cielo/0006.jpg,dataset/attacks/error_generic/fgsm/eps_0_150/026_n005704_Marky_Cielo/0006_adv.png,0.15,0.140502
fgsm,0.15,False,-1,-1,26,n005704,Marky_Cielo,026_n005704_Marky_Cielo,dataset/clean/test/026_n005704_Marky_Cielo/0007.jpg,dataset/attacks/error_generic/fgsm/eps_0_150/026_n005704_Marky_Cielo/0007_adv.png,0.15,0.115883
fgsm,0.15,False,-1,-1,26,n005704,Marky_Cielo,026_n005704_Marky_Cielo,dataset/clean/test/026_n005704_Marky_Cielo/0008.jpg,dataset/attacks/error_generic/fgsm/eps_0_150/026_n005704_Marky_Cielo/0008_adv.png,0.15,0.128688
fgsm,0.15,False,-1,-1,26,n005704,Marky_Cielo,026_n005704_Marky_Cielo,dataset/clean/test/026_n005704_Marky_Cielo/0009.jpg,dataset/attacks/error_generic/fgsm/eps_0_150/026_n005704_Marky_Cielo/0009_adv.png,0.15,0.115967
fgsm,0.15,False,-1,-1,27,n008620,Tomatito,027_n008620_Tomatito,dataset/clean/test/027_n008620_Tomatito/0000.jpg,dataset/attacks/error_generic/fgsm/eps_0_150/027_n008620_Tomatito/0000_adv.png,0.15,0.13171
fgsm,0.15,False,-1,-1,27,n008620,Tomatito,027_n008620_Tomatito,dataset/clean/test/027_n008620_Tomatito/0001.jpg,dataset/attacks/error_generic/fgsm/eps_0_150/027_n008620_Tomatito/0001_adv.png,0.15,0.133636
fgsm,0.15,False,-1,-1,27,n008620,Tomatito,027_n008620_Tomatito,dataset/clean/test/027_n008620_Tomatito/0002.jpg,dataset/attacks/error_generic/fgsm/eps_0_150/027_n008620_Tomatito/0002_adv.png,0.15,0.119534
fgsm,0.15,False,-1,-1,27,n008620,Tomatito,027_n008620_Tomatito,dataset/clean/test/027_n008620_Tomatito/0003.jpg,dataset/attacks/error_generic/fgsm/eps_0_150/027_n008620_Tomatito/0003_adv.png,0.15,0.137893
fgsm,0.15,False,-1,-1,27,n008620,Tomatito,027_n008620_Tomatito,dataset/clean/test/027_n008620_Tomatito/0004.jpg,dataset/attacks/error_generic/fgsm/eps_0_150/027_n008620_Tomatito/0004_adv.png,0.15,0.117627
fgsm,0.15,False,-1,-1,27,n008620,Tomatito,027_n008620_Tomatito,dataset/clean/test/027_n008620_Tomatito/0005.jpg,dataset/attacks/error_generic/fgsm/eps_0_150/027_n008620_Tomatito/0005_adv.png,0.15,0.117495
fgsm,0.15,False,-1,-1,27,n008620,Tomatito,027_n008620_Tomatito,dataset/clean/test/027_n008620_Tomatito/0006.jpg,dataset/attacks/error_generic/fgsm/eps_0_150/027_n008620_Tomatito/0006_adv.png,0.15,0.118344
fgsm,0.15,False,-1,-1,27,n008620,Tomatito,027_n008620_Tomatito,dataset/clean/test/027_n008620_Tomatito/0007.jpg,dataset/attacks/error_generic/fgsm/eps_0_150/027_n008620_Tomatito/0007_adv.png,0.15,0.128793
fgsm,0.15,False,-1,-1,27,n008620,Tomatito,027_n008620_Tomatito,dataset/clean/test/027_n008620_Tomatito/0008.jpg,dataset/attacks/error_generic/fgsm/eps_0_150/027_n008620_Tomatito/0008_adv.png,0.15,0.119389
fgsm,0.15,False,-1,-1,27,n008620,Tomatito,027_n008620_Tomatito,dataset/clean/test/027_n008620_Tomatito/0009.jpg,dataset/attacks/error_generic/fgsm/eps_0_150/027_n008620_Tomatito/0009_adv.png,0.15,0.115286
fgsm,0.15,False,-1,-1,28,n006836,Paul_DiAnno,028_n006836_Paul_DiAnno,dataset/clean/test/028_n006836_Paul_DiAnno/0000.jpg,dataset/attacks/error_generic/fgsm/eps_0_150/028_n006836_Paul_DiAnno/0000_adv.png,0.15,0.128824
fgsm,0.15,False,-1,-1,28,n006836,Paul_DiAnno,028_n006836_Paul_DiAnno,dataset/clean/test/028_n006836_Paul_DiAnno/0001.jpg,dataset/attacks/error_generic/fgsm/eps_0_150/028_n006836_Paul_DiAnno/0001_adv.png,0.15,0.110656
fgsm,0.15,False,-1,-1,28,n006836,Paul_DiAnno,028_n006836_Paul_DiAnno,dataset/clean/test/028_n006836_Paul_DiAnno/0002.jpg,dataset/attacks/error_generic/fgsm/eps_0_150/028_n006836_Paul_DiAnno/0002_adv.png,0.15,0.103004
fgsm,0.15,False,-1,-1,28,n006836,Paul_DiAnno,028_n006836_Paul_DiAnno,dataset/clean/test/028_n006836_Paul_DiAnno/0003.jpg,dataset/attacks/error_generic/fgsm/eps_0_150/028_n006836_Paul_DiAnno/0003_adv.png,0.15,0.110106
fgsm,0.15,False,-1,-1,28,n006836,Paul_DiAnno,028_n006836_Paul_DiAnno,dataset/clean/test/028_n006836_Paul_DiAnno/0004.jpg,dataset/attacks/error_generic/fgsm/eps_0_150/028_n006836_Paul_DiAnno/0004_adv.png,0.15,0.124311
fgsm,0.15,False,-1,-1,28,n006836,Paul_DiAnno,028_n006836_Paul_DiAnno,dataset/clean/test/028_n006836_Paul_DiAnno/0005.jpg,dataset/attacks/error_generic/fgsm/eps_0_150/028_n006836_Paul_DiAnno/0005_adv.png,0.15,0.140466
fgsm,0.15,False,-1,-1,28,n006836,Paul_DiAnno,028_n006836_Paul_DiAnno,dataset/clean/test/028_n006836_Paul_DiAnno/0006.jpg,dataset/attacks/error_generic/fgsm/eps_0_150/028_n006836_Paul_DiAnno/0006_adv.png,0.15,0.134809
fgsm,0.15,False,-1,-1,28,n006836,Paul_DiAnno,028_n006836_Paul_DiAnno,dataset/clean/test/028_n006836_Paul_DiAnno/0007.jpg,dataset/attacks/error_generic/fgsm/eps_0_150/028_n006836_Paul_DiAnno/0007_adv.png,0.15,0.112413
fgsm,0.15,False,-1,-1,28,n006836,Paul_DiAnno,028_n006836_Paul_DiAnno,dataset/clean/test/028_n006836_Paul_DiAnno/0008.jpg,dataset/attacks/error_generic/fgsm/eps_0_150/028_n006836_Paul_DiAnno/0008_adv.png,0.15,0.114811
fgsm,0.15,False,-1,-1,28,n006836,Paul_DiAnno,028_n006836_Paul_DiAnno,dataset/clean/test/028_n006836_Paul_DiAnno/0009.jpg,dataset/attacks/error_generic/fgsm/eps_0_150/028_n006836_Paul_DiAnno/0009_adv.png,0.15,0.127281
fgsm,0.15,False,-1,-1,29,n005009,Laura_Linney,029_n005009_Laura_Linney,dataset/clean/test/029_n005009_Laura_Linney/0000.jpg,dataset/attacks/error_generic/fgsm/eps_0_150/029_n005009_Laura_Linney/0000_adv.png,0.15,0.139674
fgsm,0.15,False,-1,-1,29,n005009,Laura_Linney,029_n005009_Laura_Linney,dataset/clean/test/029_n005009_Laura_Linney/0001.jpg,dataset/attacks/error_generic/fgsm/eps_0_150/029_n005009_Laura_Linney/0001_adv.png,0.15,0.116599
fgsm,0.15,False,-1,-1,29,n005009,Laura_Linney,029_n005009_Laura_Linney,dataset/clean/test/029_n005009_Laura_Linney/0002.jpg,dataset/attacks/error_generic/fgsm/eps_0_150/029_n005009_Laura_Linney/0002_adv.png,0.15,0.142315
fgsm,0.15,False,-1,-1,29,n005009,Laura_Linney,029_n005009_Laura_Linney,dataset/clean/test/029_n005009_Laura_Linney/0003.jpg,dataset/attacks/error_generic/fgsm/eps_0_150/029_n005009_Laura_Linney/0003_adv.png,0.15,0.141205
fgsm,0.15,False,-1,-1,29,n005009,Laura_Linney,029_n005009_Laura_Linney,dataset/clean/test/029_n005009_Laura_Linney/0004.jpg,dataset/attacks/error_generic/fgsm/eps_0_150/029_n005009_Laura_Linney/0004_adv.png,0.15,0.129518
fgsm,0.15,False,-1,-1,29,n005009,Laura_Linney,029_n005009_Laura_Linney,dataset/clean/test/029_n005009_Laura_Linney/0005.jpg,dataset/attacks/error_generic/fgsm/eps_0_150/029_n005009_Laura_Linney/0005_adv.png,0.15,0.129103
fgsm,0.15,False,-1,-1,29,n005009,Laura_Linney,029_n005009_Laura_Linney,dataset/clean/test/029_n005009_Laura_Linney/0006.jpg,dataset/attacks/error_generic/fgsm/eps_0_150/029_n005009_Laura_Linney/0006_adv.png,0.15,0.132326
fgsm,0.15,False,-1,-1,29,n005009,Laura_Linney,029_n005009_Laura_Linney,dataset/clean/test/029_n005009_Laura_Linney/0007.jpg,dataset/attacks/error_generic/fgsm/eps_0_150/029_n005009_Laura_Linney/0007_adv.png,0.15,0.140587
fgsm,0.15,False,-1,-1,29,n005009,Laura_Linney,029_n005009_Laura_Linney,dataset/clean/test/029_n005009_Laura_Linney/0008.jpg,dataset/attacks/error_generic/fgsm/eps_0_150/029_n005009_Laura_Linney/0008_adv.png,0.15,0.137372
fgsm,0.15,False,-1,-1,29,n005009,Laura_Linney,029_n005009_Laura_Linney,dataset/clean/test/029_n005009_Laura_Linney/0009.jpg,dataset/attacks/error_generic/fgsm/eps_0_150/029_n005009_Laura_Linney/0009_adv.png,0.15,0.14412
fgsm,0.15,False,-1,-1,30,n008046,Shraddha_Das,030_n008046_Shraddha_Das,dataset/clean/test/030_n008046_Shraddha_Das/0000.jpg,dataset/attacks/error_generic/fgsm/eps_0_150/030_n008046_Shraddha_Das/0000_adv.png,0.15,0.141046
fgsm,0.15,False,-1,-1,30,n008046,Shraddha_Das,030_n008046_Shraddha_Das,dataset/clean/test/030_n008046_Shraddha_Das/0001.jpg,dataset/attacks/error_generic/fgsm/eps_0_150/030_n008046_Shraddha_Das/0001_adv.png,0.15,0.134038
fgsm,0.15,False,-1,-1,30,n008046,Shraddha_Das,030_n008046_Shraddha_Das,dataset/clean/test/030_n008046_Shraddha_Das/0002.jpg,dataset/attacks/error_generic/fgsm/eps_0_150/030_n008046_Shraddha_Das/0002_adv.png,0.15,0.140489
fgsm,0.15,False,-1,-1,30,n008046,Shraddha_Das,030_n008046_Shraddha_Das,dataset/clean/test/030_n008046_Shraddha_Das/0003.jpg,dataset/attacks/error_generic/fgsm/eps_0_150/030_n008046_Shraddha_Das/0003_adv.png,0.15,0.137711
fgsm,0.15,False,-1,-1,30,n008046,Shraddha_Das,030_n008046_Shraddha_Das,dataset/clean/test/030_n008046_Shraddha_Das/0004.jpg,dataset/attacks/error_generic/fgsm/eps_0_150/030_n008046_Shraddha_Das/0004_adv.png,0.15,0.13053
fgsm,0.15,False,-1,-1,30,n008046,Shraddha_Das,030_n008046_Shraddha_Das,dataset/clean/test/030_n008046_Shraddha_Das/0005.jpg,dataset/attacks/error_generic/fgsm/eps_0_150/030_n008046_Shraddha_Das/0005_adv.png,0.15,0.12719
fgsm,0.15,False,-1,-1,30,n008046,Shraddha_Das,030_n008046_Shraddha_Das,dataset/clean/test/030_n008046_Shraddha_Das/0006.jpg,dataset/attacks/error_generic/fgsm/eps_0_150/030_n008046_Shraddha_Das/0006_adv.png,0.15,0.140335
fgsm,0.15,False,-1,-1,30,n008046,Shraddha_Das,030_n008046_Shraddha_Das,dataset/clean/test/030_n008046_Shraddha_Das/0007.jpg,dataset/attacks/error_generic/fgsm/eps_0_150/030_n008046_Shraddha_Das/0007_adv.png,0.15,0.127791
fgsm,0.15,False,-1,-1,30,n008046,Shraddha_Das,030_n008046_Shraddha_Das,dataset/clean/test/030_n008046_Shraddha_Das/0008.jpg,dataset/attacks/error_generic/fgsm/eps_0_150/030_n008046_Shraddha_Das/0008_adv.png,0.15,0.131525
fgsm,0.15,False,-1,-1,30,n008046,Shraddha_Das,030_n008046_Shraddha_Das,dataset/clean/test/030_n008046_Shraddha_Das/0009.jpg,dataset/attacks/error_generic/fgsm/eps_0_150/030_n008046_Shraddha_Das/0009_adv.png,0.15,0.125975
fgsm,0.15,False,-1,-1,31,n001155,Brad_Garrett,031_n001155_Brad_Garrett,dataset/clean/test/031_n001155_Brad_Garrett/0000.jpg,dataset/attacks/error_generic/fgsm/eps_0_150/031_n001155_Brad_Garrett/0000_adv.png,0.15,0.137059
fgsm,0.15,False,-1,-1,31,n001155,Brad_Garrett,031_n001155_Brad_Garrett,dataset/clean/test/031_n001155_Brad_Garrett/0001.jpg,dataset/attacks/error_generic/fgsm/eps_0_150/031_n001155_Brad_Garrett/0001_adv.png,0.15,0.137284
fgsm,0.15,False,-1,-1,31,n001155,Brad_Garrett,031_n001155_Brad_Garrett,dataset/clean/test/031_n001155_Brad_Garrett/0002.jpg,dataset/attacks/error_generic/fgsm/eps_0_150/031_n001155_Brad_Garrett/0002_adv.png,0.15,0.116808
fgsm,0.15,False,-1,-1,31,n001155,Brad_Garrett,031_n001155_Brad_Garrett,dataset/clean/test/031_n001155_Brad_Garrett/0003.jpg,dataset/attacks/error_generic/fgsm/eps_0_150/031_n001155_Brad_Garrett/0003_adv.png,0.15,0.140611
fgsm,0.15,False,-1,-1,31,n001155,Brad_Garrett,031_n001155_Brad_Garrett,dataset/clean/test/031_n001155_Brad_Garrett/0004.jpg,dataset/attacks/error_generic/fgsm/eps_0_150/031_n001155_Brad_Garrett/0004_adv.png,0.15,0.108473
fgsm,0.15,False,-1,-1,31,n001155,Brad_Garrett,031_n001155_Brad_Garrett,dataset/clean/test/031_n001155_Brad_Garrett/0005.jpg,dataset/attacks/error_generic/fgsm/eps_0_150/031_n001155_Brad_Garrett/0005_adv.png,0.15,0.130733
fgsm,0.15,False,-1,-1,31,n001155,Brad_Garrett,031_n001155_Brad_Garrett,dataset/clean/test/031_n001155_Brad_Garrett/0006.jpg,dataset/attacks/error_generic/fgsm/eps_0_150/031_n001155_Brad_Garrett/0006_adv.png,0.15,0.128162
fgsm,0.15,False,-1,-1,31,n001155,Brad_Garrett,031_n001155_Brad_Garrett,dataset/clean/test/031_n001155_Brad_Garrett/0007.jpg,dataset/attacks/error_generic/fgsm/eps_0_150/031_n001155_Brad_Garrett/0007_adv.png,0.15,0.120209
fgsm,0.15,False,-1,-1,31,n001155,Brad_Garrett,031_n001155_Brad_Garrett,dataset/clean/test/031_n001155_Brad_Garrett/0008.jpg,dataset/attacks/error_generic/fgsm/eps_0_150/031_n001155_Brad_Garrett/0008_adv.png,0.15,0.130809
fgsm,0.15,False,-1,-1,31,n001155,Brad_Garrett,031_n001155_Brad_Garrett,dataset/clean/test/031_n001155_Brad_Garrett/0009.jpg,dataset/attacks/error_generic/fgsm/eps_0_150/031_n001155_Brad_Garrett/0009_adv.png,0.15,0.135066
fgsm,0.15,False,-1,-1,32,n005460,Malu_Mader,032_n005460_Malu_Mader,dataset/clean/test/032_n005460_Malu_Mader/0000.jpg,dataset/attacks/error_generic/fgsm/eps_0_150/032_n005460_Malu_Mader/0000_adv.png,0.15,0.129224
fgsm,0.15,False,-1,-1,32,n005460,Malu_Mader,032_n005460_Malu_Mader,dataset/clean/test/032_n005460_Malu_Mader/0001.jpg,dataset/attacks/error_generic/fgsm/eps_0_150/032_n005460_Malu_Mader/0001_adv.png,0.15,0.133365
fgsm,0.15,False,-1,-1,32,n005460,Malu_Mader,032_n005460_Malu_Mader,dataset/clean/test/032_n005460_Malu_Mader/0002.jpg,dataset/attacks/error_generic/fgsm/eps_0_150/032_n005460_Malu_Mader/0002_adv.png,0.15,0.132088
fgsm,0.15,False,-1,-1,32,n005460,Malu_Mader,032_n005460_Malu_Mader,dataset/clean/test/032_n005460_Malu_Mader/0003.jpg,dataset/attacks/error_generic/fgsm/eps_0_150/032_n005460_Malu_Mader/0003_adv.png,0.15,0.107972
fgsm,0.15,False,-1,-1,32,n005460,Malu_Mader,032_n005460_Malu_Mader,dataset/clean/test/032_n005460_Malu_Mader/0004.jpg,dataset/attacks/error_generic/fgsm/eps_0_150/032_n005460_Malu_Mader/0004_adv.png,0.15,0.127292
fgsm,0.15,False,-1,-1,32,n005460,Malu_Mader,032_n005460_Malu_Mader,dataset/clean/test/032_n005460_Malu_Mader/0005.jpg,dataset/attacks/error_generic/fgsm/eps_0_150/032_n005460_Malu_Mader/0005_adv.png,0.15,0.131767
fgsm,0.15,False,-1,-1,32,n005460,Malu_Mader,032_n005460_Malu_Mader,dataset/clean/test/032_n005460_Malu_Mader/0006.jpg,dataset/attacks/error_generic/fgsm/eps_0_150/032_n005460_Malu_Mader/0006_adv.png,0.15,0.133138
fgsm,0.15,False,-1,-1,32,n005460,Malu_Mader,032_n005460_Malu_Mader,dataset/clean/test/032_n005460_Malu_Mader/0007.jpg,dataset/attacks/error_generic/fgsm/eps_0_150/032_n005460_Malu_Mader/0007_adv.png,0.15,0.118637
fgsm,0.15,False,-1,-1,32,n005460,Malu_Mader,032_n005460_Malu_Mader,dataset/clean/test/032_n005460_Malu_Mader/0008.jpg,dataset/attacks/error_generic/fgsm/eps_0_150/032_n005460_Malu_Mader/0008_adv.png,0.15,0.135424
fgsm,0.15,False,-1,-1,32,n005460,Malu_Mader,032_n005460_Malu_Mader,dataset/clean/test/032_n005460_Malu_Mader/0009.jpg,dataset/attacks/error_generic/fgsm/eps_0_150/032_n005460_Malu_Mader/0009_adv.png,0.15,0.134314
fgsm,0.15,False,-1,-1,33,n004688,Keisha_Buchanan,033_n004688_Keisha_Buchanan,dataset/clean/test/033_n004688_Keisha_Buchanan/0000.jpg,dataset/attacks/error_generic/fgsm/eps_0_150/033_n004688_Keisha_Buchanan/0000_adv.png,0.15,0.119132
fgsm,0.15,False,-1,-1,33,n004688,Keisha_Buchanan,033_n004688_Keisha_Buchanan,dataset/clean/test/033_n004688_Keisha_Buchanan/0001.jpg,dataset/attacks/error_generic/fgsm/eps_0_150/033_n004688_Keisha_Buchanan/0001_adv.png,0.15,0.112317
fgsm,0.15,False,-1,-1,33,n004688,Keisha_Buchanan,033_n004688_Keisha_Buchanan,dataset/clean/test/033_n004688_Keisha_Buchanan/0002.jpg,dataset/attacks/error_generic/fgsm/eps_0_150/033_n004688_Keisha_Buchanan/0002_adv.png,0.15,0.113423
fgsm,0.15,False,-1,-1,33,n004688,Keisha_Buchanan,033_n004688_Keisha_Buchanan,dataset/clean/test/033_n004688_Keisha_Buchanan/0003.jpg,dataset/attacks/error_generic/fgsm/eps_0_150/033_n004688_Keisha_Buchanan/0003_adv.png,0.15,0.103546
fgsm,0.15,False,-1,-1,33,n004688,Keisha_Buchanan,033_n004688_Keisha_Buchanan,dataset/clean/test/033_n004688_Keisha_Buchanan/0004.jpg,dataset/attacks/error_generic/fgsm/eps_0_150/033_n004688_Keisha_Buchanan/0004_adv.png,0.15,0.129572
fgsm,0.15,False,-1,-1,33,n004688,Keisha_Buchanan,033_n004688_Keisha_Buchanan,dataset/clean/test/033_n004688_Keisha_Buchanan/0005.jpg,dataset/attacks/error_generic/fgsm/eps_0_150/033_n004688_Keisha_Buchanan/0005_adv.png,0.15,0.13915
fgsm,0.15,False,-1,-1,33,n004688,Keisha_Buchanan,033_n004688_Keisha_Buchanan,dataset/clean/test/033_n004688_Keisha_Buchanan/0006.jpg,dataset/attacks/error_generic/fgsm/eps_0_150/033_n004688_Keisha_Buchanan/0006_adv.png,0.15,0.132662
fgsm,0.15,False,-1,-1,33,n004688,Keisha_Buchanan,033_n004688_Keisha_Buchanan,dataset/clean/test/033_n004688_Keisha_Buchanan/0007.jpg,dataset/attacks/error_generic/fgsm/eps_0_150/033_n004688_Keisha_Buchanan/0007_adv.png,0.15,0.132896
fgsm,0.15,False,-1,-1,33,n004688,Keisha_Buchanan,033_n004688_Keisha_Buchanan,dataset/clean/test/033_n004688_Keisha_Buchanan/0008.jpg,dataset/attacks/error_generic/fgsm/eps_0_150/033_n004688_Keisha_Buchanan/0008_adv.png,0.15,0.125993
fgsm,0.15,False,-1,-1,33,n004688,Keisha_Buchanan,033_n004688_Keisha_Buchanan,dataset/clean/test/033_n004688_Keisha_Buchanan/0009.jpg,dataset/attacks/error_generic/fgsm/eps_0_150/033_n004688_Keisha_Buchanan/0009_adv.png,0.15,0.113397
fgsm,0.15,False,-1,-1,34,n001804,Craig_Bellamy,034_n001804_Craig_Bellamy,dataset/clean/test/034_n001804_Craig_Bellamy/0000.jpg,dataset/attacks/error_generic/fgsm/eps_0_150/034_n001804_Craig_Bellamy/0000_adv.png,0.15,0.132996
fgsm,0.15,False,-1,-1,34,n001804,Craig_Bellamy,034_n001804_Craig_Bellamy,dataset/clean/test/034_n001804_Craig_Bellamy/0001.jpg,dataset/attacks/error_generic/fgsm/eps_0_150/034_n001804_Craig_Bellamy/0001_adv.png,0.15,0.137397
fgsm,0.15,False,-1,-1,34,n001804,Craig_Bellamy,034_n001804_Craig_Bellamy,dataset/clean/test/034_n001804_Craig_Bellamy/0002.jpg,dataset/attacks/error_generic/fgsm/eps_0_150/034_n001804_Craig_Bellamy/0002_adv.png,0.15,0.141995
fgsm,0.15,False,-1,-1,34,n001804,Craig_Bellamy,034_n001804_Craig_Bellamy,dataset/clean/test/034_n001804_Craig_Bellamy/0003.jpg,dataset/attacks/error_generic/fgsm/eps_0_150/034_n001804_Craig_Bellamy/0003_adv.png,0.15,0.137662
fgsm,0.15,False,-1,-1,34,n001804,Craig_Bellamy,034_n001804_Craig_Bellamy,dataset/clean/test/034_n001804_Craig_Bellamy/0004.jpg,dataset/attacks/error_generic/fgsm/eps_0_150/034_n001804_Craig_Bellamy/0004_adv.png,0.15,0.130699
fgsm,0.15,False,-1,-1,34,n001804,Craig_Bellamy,034_n001804_Craig_Bellamy,dataset/clean/test/034_n001804_Craig_Bellamy/0005.jpg,dataset/attacks/error_generic/fgsm/eps_0_150/034_n001804_Craig_Bellamy/0005_adv.png,0.15,0.117694
fgsm,0.15,False,-1,-1,34,n001804,Craig_Bellamy,034_n001804_Craig_Bellamy,dataset/clean/test/034_n001804_Craig_Bellamy/0006.jpg,dataset/attacks/error_generic/fgsm/eps_0_150/034_n001804_Craig_Bellamy/0006_adv.png,0.15,0.131535
fgsm,0.15,False,-1,-1,34,n001804,Craig_Bellamy,034_n001804_Craig_Bellamy,dataset/clean/test/034_n001804_Craig_Bellamy/0007.jpg,dataset/attacks/error_generic/fgsm/eps_0_150/034_n001804_Craig_Bellamy/0007_adv.png,0.15,0.134113
fgsm,0.15,False,-1,-1,34,n001804,Craig_Bellamy,034_n001804_Craig_Bellamy,dataset/clean/test/034_n001804_Craig_Bellamy/0008.jpg,dataset/attacks/error_generic/fgsm/eps_0_150/034_n001804_Craig_Bellamy/0008_adv.png,0.15,0.137007
fgsm,0.15,False,-1,-1,34,n001804,Craig_Bellamy,034_n001804_Craig_Bellamy,dataset/clean/test/034_n001804_Craig_Bellamy/0009.jpg,dataset/attacks/error_generic/fgsm/eps_0_150/034_n001804_Craig_Bellamy/0009_adv.png,0.15,0.133897
fgsm,0.15,False,-1,-1,35,n008526,Thomas_Hitzlsperger,035_n008526_Thomas_Hitzlsperger,dataset/clean/test/035_n008526_Thomas_Hitzlsperger/0000.jpg,dataset/attacks/error_generic/fgsm/eps_0_150/035_n008526_Thomas_Hitzlsperger/0000_adv.png,0.15,0.132209
fgsm,0.15,False,-1,-1,35,n008526,Thomas_Hitzlsperger,035_n008526_Thomas_Hitzlsperger,dataset/clean/test/035_n008526_Thomas_Hitzlsperger/0001.jpg,dataset/attacks/error_generic/fgsm/eps_0_150/035_n008526_Thomas_Hitzlsperger/0001_adv.png,0.15,0.138681
fgsm,0.15,False,-1,-1,35,n008526,Thomas_Hitzlsperger,035_n008526_Thomas_Hitzlsperger,dataset/clean/test/035_n008526_Thomas_Hitzlsperger/0002.jpg,dataset/attacks/error_generic/fgsm/eps_0_150/035_n008526_Thomas_Hitzlsperger/0002_adv.png,0.15,0.135587
fgsm,0.15,False,-1,-1,35,n008526,Thomas_Hitzlsperger,035_n008526_Thomas_Hitzlsperger,dataset/clean/test/035_n008526_Thomas_Hitzlsperger/0003.jpg,dataset/attacks/error_generic/fgsm/eps_0_150/035_n008526_Thomas_Hitzlsperger/0003_adv.png,0.15,0.140284
fgsm,0.15,False,-1,-1,35,n008526,Thomas_Hitzlsperger,035_n008526_Thomas_Hitzlsperger,dataset/clean/test/035_n008526_Thomas_Hitzlsperger/0004.jpg,dataset/attacks/error_generic/fgsm/eps_0_150/035_n008526_Thomas_Hitzlsperger/0004_adv.png,0.15,0.129562
fgsm,0.15,False,-1,-1,35,n008526,Thomas_Hitzlsperger,035_n008526_Thomas_Hitzlsperger,dataset/clean/test/035_n008526_Thomas_Hitzlsperger/0005.jpg,dataset/attacks/error_generic/fgsm/eps_0_150/035_n008526_Thomas_Hitzlsperger/0005_adv.png,0.15,0.127774
fgsm,0.15,False,-1,-1,35,n008526,Thomas_Hitzlsperger,035_n008526_Thomas_Hitzlsperger,dataset/clean/test/035_n008526_Thomas_Hitzlsperger/0006.jpg,dataset/attacks/error_generic/fgsm/eps_0_150/035_n008526_Thomas_Hitzlsperger/0006_adv.png,0.15,0.133296
fgsm,0.15,False,-1,-1,35,n008526,Thomas_Hitzlsperger,035_n008526_Thomas_Hitzlsperger,dataset/clean/test/035_n008526_Thomas_Hitzlsperger/0007.jpg,dataset/attacks/error_generic/fgsm/eps_0_150/035_n008526_Thomas_Hitzlsperger/0007_adv.png,0.15,0.128544
fgsm,0.15,False,-1,-1,35,n008526,Thomas_Hitzlsperger,035_n008526_Thomas_Hitzlsperger,dataset/clean/test/035_n008526_Thomas_Hitzlsperger/0008.jpg,dataset/attacks/error_generic/fgsm/eps_0_150/035_n008526_Thomas_Hitzlsperger/0008_adv.png,0.15,0.112653
fgsm,0.15,False,-1,-1,35,n008526,Thomas_Hitzlsperger,035_n008526_Thomas_Hitzlsperger,dataset/clean/test/035_n008526_Thomas_Hitzlsperger/0009.jpg,dataset/attacks/error_generic/fgsm/eps_0_150/035_n008526_Thomas_Hitzlsperger/0009_adv.png,0.15,0.139517
fgsm,0.15,False,-1,-1,36,n000762,Arifin_Putra,036_n000762_Arifin_Putra,dataset/clean/test/036_n000762_Arifin_Putra/0000.jpg,dataset/attacks/error_generic/fgsm/eps_0_150/036_n000762_Arifin_Putra/0000_adv.png,0.15,0.116775
fgsm,0.15,False,-1,-1,36,n000762,Arifin_Putra,036_n000762_Arifin_Putra,dataset/clean/test/036_n000762_Arifin_Putra/0001.jpg,dataset/attacks/error_generic/fgsm/eps_0_150/036_n000762_Arifin_Putra/0001_adv.png,0.15,0.103718
fgsm,0.15,False,-1,-1,36,n000762,Arifin_Putra,036_n000762_Arifin_Putra,dataset/clean/test/036_n000762_Arifin_Putra/0002.jpg,dataset/attacks/error_generic/fgsm/eps_0_150/036_n000762_Arifin_Putra/0002_adv.png,0.15,0.122364
fgsm,0.15,False,-1,-1,36,n000762,Arifin_Putra,036_n000762_Arifin_Putra,dataset/clean/test/036_n000762_Arifin_Putra/0003.jpg,dataset/attacks/error_generic/fgsm/eps_0_150/036_n000762_Arifin_Putra/0003_adv.png,0.15,0.131994
fgsm,0.15,False,-1,-1,36,n000762,Arifin_Putra,036_n000762_Arifin_Putra,dataset/clean/test/036_n000762_Arifin_Putra/0004.jpg,dataset/attacks/error_generic/fgsm/eps_0_150/036_n000762_Arifin_Putra/0004_adv.png,0.15,0.129821
fgsm,0.15,False,-1,-1,36,n000762,Arifin_Putra,036_n000762_Arifin_Putra,dataset/clean/test/036_n000762_Arifin_Putra/0005.jpg,dataset/attacks/error_generic/fgsm/eps_0_150/036_n000762_Arifin_Putra/0005_adv.png,0.15,0.128258
fgsm,0.15,False,-1,-1,36,n000762,Arifin_Putra,036_n000762_Arifin_Putra,dataset/clean/test/036_n000762_Arifin_Putra/0006.jpg,dataset/attacks/error_generic/fgsm/eps_0_150/036_n000762_Arifin_Putra/0006_adv.png,0.15,0.114156
fgsm,0.15,False,-1,-1,36,n000762,Arifin_Putra,036_n000762_Arifin_Putra,dataset/clean/test/036_n000762_Arifin_Putra/0007.jpg,dataset/attacks/error_generic/fgsm/eps_0_150/036_n000762_Arifin_Putra/0007_adv.png,0.15,0.138636
fgsm,0.15,False,-1,-1,36,n000762,Arifin_Putra,036_n000762_Arifin_Putra,dataset/clean/test/036_n000762_Arifin_Putra/0008.jpg,dataset/attacks/error_generic/fgsm/eps_0_150/036_n000762_Arifin_Putra/0008_adv.png,0.15,0.125923
fgsm,0.15,False,-1,-1,36,n000762,Arifin_Putra,036_n000762_Arifin_Putra,dataset/clean/test/036_n000762_Arifin_Putra/0009.jpg,dataset/attacks/error_generic/fgsm/eps_0_150/036_n000762_Arifin_Putra/0009_adv.png,0.15,0.11793
fgsm,0.15,False,-1,-1,37,n005727,Martin_Bader,037_n005727_Martin_Bader,dataset/clean/test/037_n005727_Martin_Bader/0000.jpg,dataset/attacks/error_generic/fgsm/eps_0_150/037_n005727_Martin_Bader/0000_adv.png,0.15,0.133333
fgsm,0.15,False,-1,-1,37,n005727,Martin_Bader,037_n005727_Martin_Bader,dataset/clean/test/037_n005727_Martin_Bader/0001.jpg,dataset/attacks/error_generic/fgsm/eps_0_150/037_n005727_Martin_Bader/0001_adv.png,0.15,0.137211
fgsm,0.15,False,-1,-1,37,n005727,Martin_Bader,037_n005727_Martin_Bader,dataset/clean/test/037_n005727_Martin_Bader/0002.jpg,dataset/attacks/error_generic/fgsm/eps_0_150/037_n005727_Martin_Bader/0002_adv.png,0.15,0.140717
fgsm,0.15,False,-1,-1,37,n005727,Martin_Bader,037_n005727_Martin_Bader,dataset/clean/test/037_n005727_Martin_Bader/0003.jpg,dataset/attacks/error_generic/fgsm/eps_0_150/037_n005727_Martin_Bader/0003_adv.png,0.15,0.13388
fgsm,0.15,False,-1,-1,37,n005727,Martin_Bader,037_n005727_Martin_Bader,dataset/clean/test/037_n005727_Martin_Bader/0004.jpg,dataset/attacks/error_generic/fgsm/eps_0_150/037_n005727_Martin_Bader/0004_adv.png,0.15,0.14026
fgsm,0.15,False,-1,-1,37,n005727,Martin_Bader,037_n005727_Martin_Bader,dataset/clean/test/037_n005727_Martin_Bader/0005.jpg,dataset/attacks/error_generic/fgsm/eps_0_150/037_n005727_Martin_Bader/0005_adv.png,0.15,0.137457
fgsm,0.15,False,-1,-1,37,n005727,Martin_Bader,037_n005727_Martin_Bader,dataset/clean/test/037_n005727_Martin_Bader/0006.jpg,dataset/attacks/error_generic/fgsm/eps_0_150/037_n005727_Martin_Bader/0006_adv.png,0.15,0.133018
fgsm,0.15,False,-1,-1,37,n005727,Martin_Bader,037_n005727_Martin_Bader,dataset/clean/test/037_n005727_Martin_Bader/0007.jpg,dataset/attacks/error_generic/fgsm/eps_0_150/037_n005727_Martin_Bader/0007_adv.png,0.15,0.136971
fgsm,0.15,False,-1,-1,37,n005727,Martin_Bader,037_n005727_Martin_Bader,dataset/clean/test/037_n005727_Martin_Bader/0008.jpg,dataset/attacks/error_generic/fgsm/eps_0_150/037_n005727_Martin_Bader/0008_adv.png,0.15,0.134689
fgsm,0.15,False,-1,-1,37,n005727,Martin_Bader,037_n005727_Martin_Bader,dataset/clean/test/037_n005727_Martin_Bader/0009.jpg,dataset/attacks/error_generic/fgsm/eps_0_150/037_n005727_Martin_Bader/0009_adv.png,0.15,0.115872
fgsm,0.15,False,-1,-1,38,n009055,Ximena_Navarrete,038_n009055_Ximena_Navarrete,dataset/clean/test/038_n009055_Ximena_Navarrete/0000.jpg,dataset/attacks/error_generic/fgsm/eps_0_150/038_n009055_Ximena_Navarrete/0000_adv.png,0.15,0.136014
fgsm,0.15,False,-1,-1,38,n009055,Ximena_Navarrete,038_n009055_Ximena_Navarrete,dataset/clean/test/038_n009055_Ximena_Navarrete/0001.jpg,dataset/attacks/error_generic/fgsm/eps_0_150/038_n009055_Ximena_Navarrete/0001_adv.png,0.15,0.140077
fgsm,0.15,False,-1,-1,38,n009055,Ximena_Navarrete,038_n009055_Ximena_Navarrete,dataset/clean/test/038_n009055_Ximena_Navarrete/0002.jpg,dataset/attacks/error_generic/fgsm/eps_0_150/038_n009055_Ximena_Navarrete/0002_adv.png,0.15,0.100638
fgsm,0.15,False,-1,-1,38,n009055,Ximena_Navarrete,038_n009055_Ximena_Navarrete,dataset/clean/test/038_n009055_Ximena_Navarrete/0003.jpg,dataset/attacks/error_generic/fgsm/eps_0_150/038_n009055_Ximena_Navarrete/0003_adv.png,0.15,0.129833
fgsm,0.15,False,-1,-1,38,n009055,Ximena_Navarrete,038_n009055_Ximena_Navarrete,dataset/clean/test/038_n009055_Ximena_Navarrete/0004.jpg,dataset/attacks/error_generic/fgsm/eps_0_150/038_n009055_Ximena_Navarrete/0004_adv.png,0.15,0.124374
fgsm,0.15,False,-1,-1,38,n009055,Ximena_Navarrete,038_n009055_Ximena_Navarrete,dataset/clean/test/038_n009055_Ximena_Navarrete/0005.jpg,dataset/attacks/error_generic/fgsm/eps_0_150/038_n009055_Ximena_Navarrete/0005_adv.png,0.15,0.128834
fgsm,0.15,False,-1,-1,38,n009055,Ximena_Navarrete,038_n009055_Ximena_Navarrete,dataset/clean/test/038_n009055_Ximena_Navarrete/0006.jpg,dataset/attacks/error_generic/fgsm/eps_0_150/038_n009055_Ximena_Navarrete/0006_adv.png,0.15,0.139327
fgsm,0.15,False,-1,-1,38,n009055,Ximena_Navarrete,038_n009055_Ximena_Navarrete,dataset/clean/test/038_n009055_Ximena_Navarrete/0007.jpg,dataset/attacks/error_generic/fgsm/eps_0_150/038_n009055_Ximena_Navarrete/0007_adv.png,0.15,0.130637
fgsm,0.15,False,-1,-1,38,n009055,Ximena_Navarrete,038_n009055_Ximena_Navarrete,dataset/clean/test/038_n009055_Ximena_Navarrete/0008.jpg,dataset/attacks/error_generic/fgsm/eps_0_150/038_n009055_Ximena_Navarrete/0008_adv.png,0.15,0.128933
fgsm,0.15,False,-1,-1,38,n009055,Ximena_Navarrete,038_n009055_Ximena_Navarrete,dataset/clean/test/038_n009055_Ximena_Navarrete/0009.jpg,dataset/attacks/error_generic/fgsm/eps_0_150/038_n009055_Ximena_Navarrete/0009_adv.png,0.15,0.129734
fgsm,0.15,False,-1,-1,39,n005851,Maurice_de_Hond,039_n005851_Maurice_de_Hond,dataset/clean/test/039_n005851_Maurice_de_Hond/0000.jpg,dataset/attacks/error_generic/fgsm/eps_0_150/039_n005851_Maurice_de_Hond/0000_adv.png,0.15,0.10902
fgsm,0.15,False,-1,-1,39,n005851,Maurice_de_Hond,039_n005851_Maurice_de_Hond,dataset/clean/test/039_n005851_Maurice_de_Hond/0001.jpg,dataset/attacks/error_generic/fgsm/eps_0_150/039_n005851_Maurice_de_Hond/0001_adv.png,0.15,0.100991
fgsm,0.15,False,-1,-1,39,n005851,Maurice_de_Hond,039_n005851_Maurice_de_Hond,dataset/clean/test/039_n005851_Maurice_de_Hond/0002.jpg,dataset/attacks/error_generic/fgsm/eps_0_150/039_n005851_Maurice_de_Hond/0002_adv.png,0.15,0.122657
fgsm,0.15,False,-1,-1,39,n005851,Maurice_de_Hond,039_n005851_Maurice_de_Hond,dataset/clean/test/039_n005851_Maurice_de_Hond/0003.jpg,dataset/attacks/error_generic/fgsm/eps_0_150/039_n005851_Maurice_de_Hond/0003_adv.png,0.15,0.139091
fgsm,0.15,False,-1,-1,39,n005851,Maurice_de_Hond,039_n005851_Maurice_de_Hond,dataset/clean/test/039_n005851_Maurice_de_Hond/0004.jpg,dataset/attacks/error_generic/fgsm/eps_0_150/039_n005851_Maurice_de_Hond/0004_adv.png,0.15,0.124673
fgsm,0.15,False,-1,-1,39,n005851,Maurice_de_Hond,039_n005851_Maurice_de_Hond,dataset/clean/test/039_n005851_Maurice_de_Hond/0005.jpg,dataset/attacks/error_generic/fgsm/eps_0_150/039_n005851_Maurice_de_Hond/0005_adv.png,0.15,0.143968
fgsm,0.15,False,-1,-1,39,n005851,Maurice_de_Hond,039_n005851_Maurice_de_Hond,dataset/clean/test/039_n005851_Maurice_de_Hond/0006.jpg,dataset/attacks/error_generic/fgsm/eps_0_150/039_n005851_Maurice_de_Hond/0006_adv.png,0.15,0.137656
fgsm,0.15,False,-1,-1,39,n005851,Maurice_de_Hond,039_n005851_Maurice_de_Hond,dataset/clean/test/039_n005851_Maurice_de_Hond/0007.jpg,dataset/attacks/error_generic/fgsm/eps_0_150/039_n005851_Maurice_de_Hond/0007_adv.png,0.15,0.138662
fgsm,0.15,False,-1,-1,39,n005851,Maurice_de_Hond,039_n005851_Maurice_de_Hond,dataset/clean/test/039_n005851_Maurice_de_Hond/0008.jpg,dataset/attacks/error_generic/fgsm/eps_0_150/039_n005851_Maurice_de_Hond/0008_adv.png,0.15,0.141912
fgsm,0.15,False,-1,-1,39,n005851,Maurice_de_Hond,039_n005851_Maurice_de_Hond,dataset/clean/test/039_n005851_Maurice_de_Hond/0009.jpg,dataset/attacks/error_generic/fgsm/eps_0_150/039_n005851_Maurice_de_Hond/0009_adv.png,0.15,0.130596
fgsm,0.15,False,-1,-1,40,n001766,Cody_Longo,040_n001766_Cody_Longo,dataset/clean/test/040_n001766_Cody_Longo/0000.jpg,dataset/attacks/error_generic/fgsm/eps_0_150/040_n001766_Cody_Longo/0000_adv.png,0.15,0.130014
fgsm,0.15,False,-1,-1,40,n001766,Cody_Longo,040_n001766_Cody_Longo,dataset/clean/test/040_n001766_Cody_Longo/0001.jpg,dataset/attacks/error_generic/fgsm/eps_0_150/040_n001766_Cody_Longo/0001_adv.png,0.15,0.127807
fgsm,0.15,False,-1,-1,40,n001766,Cody_Longo,040_n001766_Cody_Longo,dataset/clean/test/040_n001766_Cody_Longo/0002.jpg,dataset/attacks/error_generic/fgsm/eps_0_150/040_n001766_Cody_Longo/0002_adv.png,0.15,0.115789
fgsm,0.15,False,-1,-1,40,n001766,Cody_Longo,040_n001766_Cody_Longo,dataset/clean/test/040_n001766_Cody_Longo/0003.jpg,dataset/attacks/error_generic/fgsm/eps_0_150/040_n001766_Cody_Longo/0003_adv.png,0.15,0.136414
fgsm,0.15,False,-1,-1,40,n001766,Cody_Longo,040_n001766_Cody_Longo,dataset/clean/test/040_n001766_Cody_Longo/0004.jpg,dataset/attacks/error_generic/fgsm/eps_0_150/040_n001766_Cody_Longo/0004_adv.png,0.15,0.124491
fgsm,0.15,False,-1,-1,40,n001766,Cody_Longo,040_n001766_Cody_Longo,dataset/clean/test/040_n001766_Cody_Longo/0005.jpg,dataset/attacks/error_generic/fgsm/eps_0_150/040_n001766_Cody_Longo/0005_adv.png,0.15,0.12909
fgsm,0.15,False,-1,-1,40,n001766,Cody_Longo,040_n001766_Cody_Longo,dataset/clean/test/040_n001766_Cody_Longo/0006.jpg,dataset/attacks/error_generic/fgsm/eps_0_150/040_n001766_Cody_Longo/0006_adv.png,0.15,0.116824
fgsm,0.15,False,-1,-1,40,n001766,Cody_Longo,040_n001766_Cody_Longo,dataset/clean/test/040_n001766_Cody_Longo/0007.jpg,dataset/attacks/error_generic/fgsm/eps_0_150/040_n001766_Cody_Longo/0007_adv.png,0.15,0.112607
fgsm,0.15,False,-1,-1,40,n001766,Cody_Longo,040_n001766_Cody_Longo,dataset/clean/test/040_n001766_Cody_Longo/0008.jpg,dataset/attacks/error_generic/fgsm/eps_0_150/040_n001766_Cody_Longo/0008_adv.png,0.15,0.137015
fgsm,0.15,False,-1,-1,40,n001766,Cody_Longo,040_n001766_Cody_Longo,dataset/clean/test/040_n001766_Cody_Longo/0009.jpg,dataset/attacks/error_generic/fgsm/eps_0_150/040_n001766_Cody_Longo/0009_adv.png,0.15,0.12834
fgsm,0.15,False,-1,-1,41,n007629,Ruth_Langsford,041_n007629_Ruth_Langsford,dataset/clean/test/041_n007629_Ruth_Langsford/0000.jpg,dataset/attacks/error_generic/fgsm/eps_0_150/041_n007629_Ruth_Langsford/0000_adv.png,0.15,0.130439
fgsm,0.15,False,-1,-1,41,n007629,Ruth_Langsford,041_n007629_Ruth_Langsford,dataset/clean/test/041_n007629_Ruth_Langsford/0001.jpg,dataset/attacks/error_generic/fgsm/eps_0_150/041_n007629_Ruth_Langsford/0001_adv.png,0.15,0.125998
fgsm,0.15,False,-1,-1,41,n007629,Ruth_Langsford,041_n007629_Ruth_Langsford,dataset/clean/test/041_n007629_Ruth_Langsford/0002.jpg,dataset/attacks/error_generic/fgsm/eps_0_150/041_n007629_Ruth_Langsford/0002_adv.png,0.15,0.140628
fgsm,0.15,False,-1,-1,41,n007629,Ruth_Langsford,041_n007629_Ruth_Langsford,dataset/clean/test/041_n007629_Ruth_Langsford/0003.jpg,dataset/attacks/error_generic/fgsm/eps_0_150/041_n007629_Ruth_Langsford/0003_adv.png,0.15,0.13297
fgsm,0.15,False,-1,-1,41,n007629,Ruth_Langsford,041_n007629_Ruth_Langsford,dataset/clean/test/041_n007629_Ruth_Langsford/0004.jpg,dataset/attacks/error_generic/fgsm/eps_0_150/041_n007629_Ruth_Langsford/0004_adv.png,0.15,0.128278
fgsm,0.15,False,-1,-1,41,n007629,Ruth_Langsford,041_n007629_Ruth_Langsford,dataset/clean/test/041_n007629_Ruth_Langsford/0005.jpg,dataset/attacks/error_generic/fgsm/eps_0_150/041_n007629_Ruth_Langsford/0005_adv.png,0.15,0.142943
fgsm,0.15,False,-1,-1,41,n007629,Ruth_Langsford,041_n007629_Ruth_Langsford,dataset/clean/test/041_n007629_Ruth_Langsford/0006.jpg,dataset/attacks/error_generic/fgsm/eps_0_150/041_n007629_Ruth_Langsford/0006_adv.png,0.15,0.139315
fgsm,0.15,False,-1,-1,41,n007629,Ruth_Langsford,041_n007629_Ruth_Langsford,dataset/clean/test/041_n007629_Ruth_Langsford/0007.jpg,dataset/attacks/error_generic/fgsm/eps_0_150/041_n007629_Ruth_Langsford/0007_adv.png,0.15,0.133576
fgsm,0.15,False,-1,-1,41,n007629,Ruth_Langsford,041_n007629_Ruth_Langsford,dataset/clean/test/041_n007629_Ruth_Langsford/0008.jpg,dataset/attacks/error_generic/fgsm/eps_0_150/041_n007629_Ruth_Langsford/0008_adv.png,0.15,0.134312
fgsm,0.15,False,-1,-1,41,n007629,Ruth_Langsford,041_n007629_Ruth_Langsford,dataset/clean/test/041_n007629_Ruth_Langsford/0009.jpg,dataset/attacks/error_generic/fgsm/eps_0_150/041_n007629_Ruth_Langsford/0009_adv.png,0.15,0.129258
fgsm,0.15,False,-1,-1,42,n003085,Gilbert_Arenas,042_n003085_Gilbert_Arenas,dataset/clean/test/042_n003085_Gilbert_Arenas/0000.jpg,dataset/attacks/error_generic/fgsm/eps_0_150/042_n003085_Gilbert_Arenas/0000_adv.png,0.15,0.13145
fgsm,0.15,False,-1,-1,42,n003085,Gilbert_Arenas,042_n003085_Gilbert_Arenas,dataset/clean/test/042_n003085_Gilbert_Arenas/0001.jpg,dataset/attacks/error_generic/fgsm/eps_0_150/042_n003085_Gilbert_Arenas/0001_adv.png,0.15,0.137717
fgsm,0.15,False,-1,-1,42,n003085,Gilbert_Arenas,042_n003085_Gilbert_Arenas,dataset/clean/test/042_n003085_Gilbert_Arenas/0002.jpg,dataset/attacks/error_generic/fgsm/eps_0_150/042_n003085_Gilbert_Arenas/0002_adv.png,0.15,0.143841
fgsm,0.15,False,-1,-1,42,n003085,Gilbert_Arenas,042_n003085_Gilbert_Arenas,dataset/clean/test/042_n003085_Gilbert_Arenas/0003.jpg,dataset/attacks/error_generic/fgsm/eps_0_150/042_n003085_Gilbert_Arenas/0003_adv.png,0.15,0.119426
fgsm,0.15,False,-1,-1,42,n003085,Gilbert_Arenas,042_n003085_Gilbert_Arenas,dataset/clean/test/042_n003085_Gilbert_Arenas/0004.jpg,dataset/attacks/error_generic/fgsm/eps_0_150/042_n003085_Gilbert_Arenas/0004_adv.png,0.15,0.127416
fgsm,0.15,False,-1,-1,42,n003085,Gilbert_Arenas,042_n003085_Gilbert_Arenas,dataset/clean/test/042_n003085_Gilbert_Arenas/0005.jpg,dataset/attacks/error_generic/fgsm/eps_0_150/042_n003085_Gilbert_Arenas/0005_adv.png,0.15,0.128418
fgsm,0.15,False,-1,-1,42,n003085,Gilbert_Arenas,042_n003085_Gilbert_Arenas,dataset/clean/test/042_n003085_Gilbert_Arenas/0006.jpg,dataset/attacks/error_generic/fgsm/eps_0_150/042_n003085_Gilbert_Arenas/0006_adv.png,0.15,0.120836
fgsm,0.15,False,-1,-1,42,n003085,Gilbert_Arenas,042_n003085_Gilbert_Arenas,dataset/clean/test/042_n003085_Gilbert_Arenas/0007.jpg,dataset/attacks/error_generic/fgsm/eps_0_150/042_n003085_Gilbert_Arenas/0007_adv.png,0.15,0.109307
fgsm,0.15,False,-1,-1,42,n003085,Gilbert_Arenas,042_n003085_Gilbert_Arenas,dataset/clean/test/042_n003085_Gilbert_Arenas/0008.jpg,dataset/attacks/error_generic/fgsm/eps_0_150/042_n003085_Gilbert_Arenas/0008_adv.png,0.15,0.129129
fgsm,0.15,False,-1,-1,42,n003085,Gilbert_Arenas,042_n003085_Gilbert_Arenas,dataset/clean/test/042_n003085_Gilbert_Arenas/0009.jpg,dataset/attacks/error_generic/fgsm/eps_0_150/042_n003085_Gilbert_Arenas/0009_adv.png,0.15,0.129918
fgsm,0.15,False,-1,-1,43,n001670,Christophe_Ma,043_n001670_Christophe_Ma,dataset/clean/test/043_n001670_Christophe_Ma/0000.jpg,dataset/attacks/error_generic/fgsm/eps_0_150/043_n001670_Christophe_Ma/0000_adv.png,0.15,0.139169
fgsm,0.15,False,-1,-1,43,n001670,Christophe_Ma,043_n001670_Christophe_Ma,dataset/clean/test/043_n001670_Christophe_Ma/0001.jpg,dataset/attacks/error_generic/fgsm/eps_0_150/043_n001670_Christophe_Ma/0001_adv.png,0.15,0.118942
fgsm,0.15,False,-1,-1,43,n001670,Christophe_Ma,043_n001670_Christophe_Ma,dataset/clean/test/043_n001670_Christophe_Ma/0002.jpg,dataset/attacks/error_generic/fgsm/eps_0_150/043_n001670_Christophe_Ma/0002_adv.png,0.15,0.130055
fgsm,0.15,False,-1,-1,43,n001670,Christophe_Ma,043_n001670_Christophe_Ma,dataset/clean/test/043_n001670_Christophe_Ma/0003.jpg,dataset/attacks/error_generic/fgsm/eps_0_150/043_n001670_Christophe_Ma/0003_adv.png,0.15,0.116891
fgsm,0.15,False,-1,-1,43,n001670,Christophe_Ma,043_n001670_Christophe_Ma,dataset/clean/test/043_n001670_Christophe_Ma/0004.jpg,dataset/attacks/error_generic/fgsm/eps_0_150/043_n001670_Christophe_Ma/0004_adv.png,0.15,0.118757
fgsm,0.15,False,-1,-1,43,n001670,Christophe_Ma,043_n001670_Christophe_Ma,dataset/clean/test/043_n001670_Christophe_Ma/0005.jpg,dataset/attacks/error_generic/fgsm/eps_0_150/043_n001670_Christophe_Ma/0005_adv.png,0.15,0.13645
fgsm,0.15,False,-1,-1,43,n001670,Christophe_Ma,043_n001670_Christophe_Ma,dataset/clean/test/043_n001670_Christophe_Ma/0006.jpg,dataset/attacks/error_generic/fgsm/eps_0_150/043_n001670_Christophe_Ma/0006_adv.png,0.15,0.140437
fgsm,0.15,False,-1,-1,43,n001670,Christophe_Ma,043_n001670_Christophe_Ma,dataset/clean/test/043_n001670_Christophe_Ma/0007.jpg,dataset/attacks/error_generic/fgsm/eps_0_150/043_n001670_Christophe_Ma/0007_adv.png,0.15,0.130144
fgsm,0.15,False,-1,-1,43,n001670,Christophe_Ma,043_n001670_Christophe_Ma,dataset/clean/test/043_n001670_Christophe_Ma/0008.jpg,dataset/attacks/error_generic/fgsm/eps_0_150/043_n001670_Christophe_Ma/0008_adv.png,0.15,0.140015
fgsm,0.15,False,-1,-1,43,n001670,Christophe_Ma,043_n001670_Christophe_Ma,dataset/clean/test/043_n001670_Christophe_Ma/0009.jpg,dataset/attacks/error_generic/fgsm/eps_0_150/043_n001670_Christophe_Ma/0009_adv.png,0.15,0.140033
fgsm,0.15,False,-1,-1,44,n006550,Nikki_Giovanni,044_n006550_Nikki_Giovanni,dataset/clean/test/044_n006550_Nikki_Giovanni/0000.jpg,dataset/attacks/error_generic/fgsm/eps_0_150/044_n006550_Nikki_Giovanni/0000_adv.png,0.15,0.137377
fgsm,0.15,False,-1,-1,44,n006550,Nikki_Giovanni,044_n006550_Nikki_Giovanni,dataset/clean/test/044_n006550_Nikki_Giovanni/0001.jpg,dataset/attacks/error_generic/fgsm/eps_0_150/044_n006550_Nikki_Giovanni/0001_adv.png,0.15,0.132304
fgsm,0.15,False,-1,-1,44,n006550,Nikki_Giovanni,044_n006550_Nikki_Giovanni,dataset/clean/test/044_n006550_Nikki_Giovanni/0002.jpg,dataset/attacks/error_generic/fgsm/eps_0_150/044_n006550_Nikki_Giovanni/0002_adv.png,0.15,0.132388
fgsm,0.15,False,-1,-1,44,n006550,Nikki_Giovanni,044_n006550_Nikki_Giovanni,dataset/clean/test/044_n006550_Nikki_Giovanni/0003.jpg,dataset/attacks/error_generic/fgsm/eps_0_150/044_n006550_Nikki_Giovanni/0003_adv.png,0.15,0.142324
fgsm,0.15,False,-1,-1,44,n006550,Nikki_Giovanni,044_n006550_Nikki_Giovanni,dataset/clean/test/044_n006550_Nikki_Giovanni/0004.jpg,dataset/attacks/error_generic/fgsm/eps_0_150/044_n006550_Nikki_Giovanni/0004_adv.png,0.15,0.142429
fgsm,0.15,False,-1,-1,44,n006550,Nikki_Giovanni,044_n006550_Nikki_Giovanni,dataset/clean/test/044_n006550_Nikki_Giovanni/0005.jpg,dataset/attacks/error_generic/fgsm/eps_0_150/044_n006550_Nikki_Giovanni/0005_adv.png,0.15,0.138482
fgsm,0.15,False,-1,-1,44,n006550,Nikki_Giovanni,044_n006550_Nikki_Giovanni,dataset/clean/test/044_n006550_Nikki_Giovanni/0006.jpg,dataset/attacks/error_generic/fgsm/eps_0_150/044_n006550_Nikki_Giovanni/0006_adv.png,0.15,0.141229
fgsm,0.15,False,-1,-1,44,n006550,Nikki_Giovanni,044_n006550_Nikki_Giovanni,dataset/clean/test/044_n006550_Nikki_Giovanni/0007.jpg,dataset/attacks/error_generic/fgsm/eps_0_150/044_n006550_Nikki_Giovanni/0007_adv.png,0.15,0.135671
fgsm,0.15,False,-1,-1,44,n006550,Nikki_Giovanni,044_n006550_Nikki_Giovanni,dataset/clean/test/044_n006550_Nikki_Giovanni/0008.jpg,dataset/attacks/error_generic/fgsm/eps_0_150/044_n006550_Nikki_Giovanni/0008_adv.png,0.15,0.13254
fgsm,0.15,False,-1,-1,44,n006550,Nikki_Giovanni,044_n006550_Nikki_Giovanni,dataset/clean/test/044_n006550_Nikki_Giovanni/0009.jpg,dataset/attacks/error_generic/fgsm/eps_0_150/044_n006550_Nikki_Giovanni/0009_adv.png,0.15,0.111208
fgsm,0.15,False,-1,-1,45,n006058,Michelle_Jenner,045_n006058_Michelle_Jenner,dataset/clean/test/045_n006058_Michelle_Jenner/0000.jpg,dataset/attacks/error_generic/fgsm/eps_0_150/045_n006058_Michelle_Jenner/0000_adv.png,0.15,0.136536
fgsm,0.15,False,-1,-1,45,n006058,Michelle_Jenner,045_n006058_Michelle_Jenner,dataset/clean/test/045_n006058_Michelle_Jenner/0001.jpg,dataset/attacks/error_generic/fgsm/eps_0_150/045_n006058_Michelle_Jenner/0001_adv.png,0.15,0.136968
fgsm,0.15,False,-1,-1,45,n006058,Michelle_Jenner,045_n006058_Michelle_Jenner,dataset/clean/test/045_n006058_Michelle_Jenner/0002.jpg,dataset/attacks/error_generic/fgsm/eps_0_150/045_n006058_Michelle_Jenner/0002_adv.png,0.15,0.135231
fgsm,0.15,False,-1,-1,45,n006058,Michelle_Jenner,045_n006058_Michelle_Jenner,dataset/clean/test/045_n006058_Michelle_Jenner/0003.jpg,dataset/attacks/error_generic/fgsm/eps_0_150/045_n006058_Michelle_Jenner/0003_adv.png,0.15,0.133213
fgsm,0.15,False,-1,-1,45,n006058,Michelle_Jenner,045_n006058_Michelle_Jenner,dataset/clean/test/045_n006058_Michelle_Jenner/0004.jpg,dataset/attacks/error_generic/fgsm/eps_0_150/045_n006058_Michelle_Jenner/0004_adv.png,0.15,0.136645
fgsm,0.15,False,-1,-1,45,n006058,Michelle_Jenner,045_n006058_Michelle_Jenner,dataset/clean/test/045_n006058_Michelle_Jenner/0005.jpg,dataset/attacks/error_generic/fgsm/eps_0_150/045_n006058_Michelle_Jenner/0005_adv.png,0.15,0.132336
fgsm,0.15,False,-1,-1,45,n006058,Michelle_Jenner,045_n006058_Michelle_Jenner,dataset/clean/test/045_n006058_Michelle_Jenner/0006.jpg,dataset/attacks/error_generic/fgsm/eps_0_150/045_n006058_Michelle_Jenner/0006_adv.png,0.15,0.140513
fgsm,0.15,False,-1,-1,45,n006058,Michelle_Jenner,045_n006058_Michelle_Jenner,dataset/clean/test/045_n006058_Michelle_Jenner/0007.jpg,dataset/attacks/error_generic/fgsm/eps_0_150/045_n006058_Michelle_Jenner/0007_adv.png,0.15,0.143367
fgsm,0.15,False,-1,-1,45,n006058,Michelle_Jenner,045_n006058_Michelle_Jenner,dataset/clean/test/045_n006058_Michelle_Jenner/0008.jpg,dataset/attacks/error_generic/fgsm/eps_0_150/045_n006058_Michelle_Jenner/0008_adv.png,0.15,0.139547
fgsm,0.15,False,-1,-1,45,n006058,Michelle_Jenner,045_n006058_Michelle_Jenner,dataset/clean/test/045_n006058_Michelle_Jenner/0009.jpg,dataset/attacks/error_generic/fgsm/eps_0_150/045_n006058_Michelle_Jenner/0009_adv.png,0.15,0.130476
fgsm,0.15,False,-1,-1,46,n002622,Esperanza_Spalding,046_n002622_Esperanza_Spalding,dataset/clean/test/046_n002622_Esperanza_Spalding/0000.jpg,dataset/attacks/error_generic/fgsm/eps_0_150/046_n002622_Esperanza_Spalding/0000_adv.png,0.15,0.116728
fgsm,0.15,False,-1,-1,46,n002622,Esperanza_Spalding,046_n002622_Esperanza_Spalding,dataset/clean/test/046_n002622_Esperanza_Spalding/0001.jpg,dataset/attacks/error_generic/fgsm/eps_0_150/046_n002622_Esperanza_Spalding/0001_adv.png,0.15,0.115456
fgsm,0.15,False,-1,-1,46,n002622,Esperanza_Spalding,046_n002622_Esperanza_Spalding,dataset/clean/test/046_n002622_Esperanza_Spalding/0002.jpg,dataset/attacks/error_generic/fgsm/eps_0_150/046_n002622_Esperanza_Spalding/0002_adv.png,0.15,0.115563
fgsm,0.15,False,-1,-1,46,n002622,Esperanza_Spalding,046_n002622_Esperanza_Spalding,dataset/clean/test/046_n002622_Esperanza_Spalding/0003.jpg,dataset/attacks/error_generic/fgsm/eps_0_150/046_n002622_Esperanza_Spalding/0003_adv.png,0.15,0.125936
fgsm,0.15,False,-1,-1,46,n002622,Esperanza_Spalding,046_n002622_Esperanza_Spalding,dataset/clean/test/046_n002622_Esperanza_Spalding/0004.jpg,dataset/attacks/error_generic/fgsm/eps_0_150/046_n002622_Esperanza_Spalding/0004_adv.png,0.15,0.130195
fgsm,0.15,False,-1,-1,46,n002622,Esperanza_Spalding,046_n002622_Esperanza_Spalding,dataset/clean/test/046_n002622_Esperanza_Spalding/0005.jpg,dataset/attacks/error_generic/fgsm/eps_0_150/046_n002622_Esperanza_Spalding/0005_adv.png,0.15,0.113639
fgsm,0.15,False,-1,-1,46,n002622,Esperanza_Spalding,046_n002622_Esperanza_Spalding,dataset/clean/test/046_n002622_Esperanza_Spalding/0006.jpg,dataset/attacks/error_generic/fgsm/eps_0_150/046_n002622_Esperanza_Spalding/0006_adv.png,0.15,0.109706
fgsm,0.15,False,-1,-1,46,n002622,Esperanza_Spalding,046_n002622_Esperanza_Spalding,dataset/clean/test/046_n002622_Esperanza_Spalding/0007.jpg,dataset/attacks/error_generic/fgsm/eps_0_150/046_n002622_Esperanza_Spalding/0007_adv.png,0.15,0.116981
fgsm,0.15,False,-1,-1,46,n002622,Esperanza_Spalding,046_n002622_Esperanza_Spalding,dataset/clean/test/046_n002622_Esperanza_Spalding/0008.jpg,dataset/attacks/error_generic/fgsm/eps_0_150/046_n002622_Esperanza_Spalding/0008_adv.png,0.15,0.130744
fgsm,0.15,False,-1,-1,46,n002622,Esperanza_Spalding,046_n002622_Esperanza_Spalding,dataset/clean/test/046_n002622_Esperanza_Spalding/0009.jpg,dataset/attacks/error_generic/fgsm/eps_0_150/046_n002622_Esperanza_Spalding/0009_adv.png,0.15,0.127268
fgsm,0.15,False,-1,-1,47,n006935,Pete_Rose,047_n006935_Pete_Rose,dataset/clean/test/047_n006935_Pete_Rose/0000.jpg,dataset/attacks/error_generic/fgsm/eps_0_150/047_n006935_Pete_Rose/0000_adv.png,0.15,0.139497
fgsm,0.15,False,-1,-1,47,n006935,Pete_Rose,047_n006935_Pete_Rose,dataset/clean/test/047_n006935_Pete_Rose/0001.jpg,dataset/attacks/error_generic/fgsm/eps_0_150/047_n006935_Pete_Rose/0001_adv.png,0.15,0.140422
fgsm,0.15,False,-1,-1,47,n006935,Pete_Rose,047_n006935_Pete_Rose,dataset/clean/test/047_n006935_Pete_Rose/0002.jpg,dataset/attacks/error_generic/fgsm/eps_0_150/047_n006935_Pete_Rose/0002_adv.png,0.15,0.129399
fgsm,0.15,False,-1,-1,47,n006935,Pete_Rose,047_n006935_Pete_Rose,dataset/clean/test/047_n006935_Pete_Rose/0003.jpg,dataset/attacks/error_generic/fgsm/eps_0_150/047_n006935_Pete_Rose/0003_adv.png,0.15,0.131679
fgsm,0.15,False,-1,-1,47,n006935,Pete_Rose,047_n006935_Pete_Rose,dataset/clean/test/047_n006935_Pete_Rose/0004.jpg,dataset/attacks/error_generic/fgsm/eps_0_150/047_n006935_Pete_Rose/0004_adv.png,0.15,0.139335
fgsm,0.15,False,-1,-1,47,n006935,Pete_Rose,047_n006935_Pete_Rose,dataset/clean/test/047_n006935_Pete_Rose/0005.jpg,dataset/attacks/error_generic/fgsm/eps_0_150/047_n006935_Pete_Rose/0005_adv.png,0.15,0.117181
fgsm,0.15,False,-1,-1,47,n006935,Pete_Rose,047_n006935_Pete_Rose,dataset/clean/test/047_n006935_Pete_Rose/0006.jpg,dataset/attacks/error_generic/fgsm/eps_0_150/047_n006935_Pete_Rose/0006_adv.png,0.15,0.14203
fgsm,0.15,False,-1,-1,47,n006935,Pete_Rose,047_n006935_Pete_Rose,dataset/clean/test/047_n006935_Pete_Rose/0007.jpg,dataset/attacks/error_generic/fgsm/eps_0_150/047_n006935_Pete_Rose/0007_adv.png,0.15,0.131858
fgsm,0.15,False,-1,-1,47,n006935,Pete_Rose,047_n006935_Pete_Rose,dataset/clean/test/047_n006935_Pete_Rose/0008.jpg,dataset/attacks/error_generic/fgsm/eps_0_150/047_n006935_Pete_Rose/0008_adv.png,0.15,0.128336
fgsm,0.15,False,-1,-1,47,n006935,Pete_Rose,047_n006935_Pete_Rose,dataset/clean/test/047_n006935_Pete_Rose/0009.jpg,dataset/attacks/error_generic/fgsm/eps_0_150/047_n006935_Pete_Rose/0009_adv.png,0.15,0.124768
fgsm,0.15,False,-1,-1,48,n007093,Quade_Cooper,048_n007093_Quade_Cooper,dataset/clean/test/048_n007093_Quade_Cooper/0000.jpg,dataset/attacks/error_generic/fgsm/eps_0_150/048_n007093_Quade_Cooper/0000_adv.png,0.15,0.140174
fgsm,0.15,False,-1,-1,48,n007093,Quade_Cooper,048_n007093_Quade_Cooper,dataset/clean/test/048_n007093_Quade_Cooper/0001.jpg,dataset/attacks/error_generic/fgsm/eps_0_150/048_n007093_Quade_Cooper/0001_adv.png,0.15,0.13975
fgsm,0.15,False,-1,-1,48,n007093,Quade_Cooper,048_n007093_Quade_Cooper,dataset/clean/test/048_n007093_Quade_Cooper/0002.jpg,dataset/attacks/error_generic/fgsm/eps_0_150/048_n007093_Quade_Cooper/0002_adv.png,0.15,0.140012
fgsm,0.15,False,-1,-1,48,n007093,Quade_Cooper,048_n007093_Quade_Cooper,dataset/clean/test/048_n007093_Quade_Cooper/0003.jpg,dataset/attacks/error_generic/fgsm/eps_0_150/048_n007093_Quade_Cooper/0003_adv.png,0.15,0.127345
fgsm,0.15,False,-1,-1,48,n007093,Quade_Cooper,048_n007093_Quade_Cooper,dataset/clean/test/048_n007093_Quade_Cooper/0004.jpg,dataset/attacks/error_generic/fgsm/eps_0_150/048_n007093_Quade_Cooper/0004_adv.png,0.15,0.124794
fgsm,0.15,False,-1,-1,48,n007093,Quade_Cooper,048_n007093_Quade_Cooper,dataset/clean/test/048_n007093_Quade_Cooper/0005.jpg,dataset/attacks/error_generic/fgsm/eps_0_150/048_n007093_Quade_Cooper/0005_adv.png,0.15,0.124797
fgsm,0.15,False,-1,-1,48,n007093,Quade_Cooper,048_n007093_Quade_Cooper,dataset/clean/test/048_n007093_Quade_Cooper/0006.jpg,dataset/attacks/error_generic/fgsm/eps_0_150/048_n007093_Quade_Cooper/0006_adv.png,0.15,0.142214
fgsm,0.15,False,-1,-1,48,n007093,Quade_Cooper,048_n007093_Quade_Cooper,dataset/clean/test/048_n007093_Quade_Cooper/0007.jpg,dataset/attacks/error_generic/fgsm/eps_0_150/048_n007093_Quade_Cooper/0007_adv.png,0.15,0.13814
fgsm,0.15,False,-1,-1,48,n007093,Quade_Cooper,048_n007093_Quade_Cooper,dataset/clean/test/048_n007093_Quade_Cooper/0008.jpg,dataset/attacks/error_generic/fgsm/eps_0_150/048_n007093_Quade_Cooper/0008_adv.png,0.15,0.135666
fgsm,0.15,False,-1,-1,48,n007093,Quade_Cooper,048_n007093_Quade_Cooper,dataset/clean/test/048_n007093_Quade_Cooper/0009.jpg,dataset/attacks/error_generic/fgsm/eps_0_150/048_n007093_Quade_Cooper/0009_adv.png,0.15,0.134261
fgsm,0.15,False,-1,-1,49,n004926,Kulraj_Randhawa,049_n004926_Kulraj_Randhawa,dataset/clean/test/049_n004926_Kulraj_Randhawa/0000.jpg,dataset/attacks/error_generic/fgsm/eps_0_150/049_n004926_Kulraj_Randhawa/0000_adv.png,0.15,0.14083
fgsm,0.15,False,-1,-1,49,n004926,Kulraj_Randhawa,049_n004926_Kulraj_Randhawa,dataset/clean/test/049_n004926_Kulraj_Randhawa/0001.jpg,dataset/attacks/error_generic/fgsm/eps_0_150/049_n004926_Kulraj_Randhawa/0001_adv.png,0.15,0.137358
fgsm,0.15,False,-1,-1,49,n004926,Kulraj_Randhawa,049_n004926_Kulraj_Randhawa,dataset/clean/test/049_n004926_Kulraj_Randhawa/0002.jpg,dataset/attacks/error_generic/fgsm/eps_0_150/049_n004926_Kulraj_Randhawa/0002_adv.png,0.15,0.138048
fgsm,0.15,False,-1,-1,49,n004926,Kulraj_Randhawa,049_n004926_Kulraj_Randhawa,dataset/clean/test/049_n004926_Kulraj_Randhawa/0003.jpg,dataset/attacks/error_generic/fgsm/eps_0_150/049_n004926_Kulraj_Randhawa/0003_adv.png,0.15,0.127419
fgsm,0.15,False,-1,-1,49,n004926,Kulraj_Randhawa,049_n004926_Kulraj_Randhawa,dataset/clean/test/049_n004926_Kulraj_Randhawa/0004.jpg,dataset/attacks/error_generic/fgsm/eps_0_150/049_n004926_Kulraj_Randhawa/0004_adv.png,0.15,0.128456
fgsm,0.15,False,-1,-1,49,n004926,Kulraj_Randhawa,049_n004926_Kulraj_Randhawa,dataset/clean/test/049_n004926_Kulraj_Randhawa/0005.jpg,dataset/attacks/error_generic/fgsm/eps_0_150/049_n004926_Kulraj_Randhawa/0005_adv.png,0.15,0.104613
fgsm,0.15,False,-1,-1,49,n004926,Kulraj_Randhawa,049_n004926_Kulraj_Randhawa,dataset/clean/test/049_n004926_Kulraj_Randhawa/0006.jpg,dataset/attacks/error_generic/fgsm/eps_0_150/049_n004926_Kulraj_Randhawa/0006_adv.png,0.15,0.113643
fgsm,0.15,False,-1,-1,49,n004926,Kulraj_Randhawa,049_n004926_Kulraj_Randhawa,dataset/clean/test/049_n004926_Kulraj_Randhawa/0007.jpg,dataset/attacks/error_generic/fgsm/eps_0_150/049_n004926_Kulraj_Randhawa/0007_adv.png,0.15,0.131856
fgsm,0.15,False,-1,-1,49,n004926,Kulraj_Randhawa,049_n004926_Kulraj_Randhawa,dataset/clean/test/049_n004926_Kulraj_Randhawa/0008.jpg,dataset/attacks/error_generic/fgsm/eps_0_150/049_n004926_Kulraj_Randhawa/0008_adv.png,0.15,0.130298
fgsm,0.15,False,-1,-1,49,n004926,Kulraj_Randhawa,049_n004926_Kulraj_Randhawa,dataset/clean/test/049_n004926_Kulraj_Randhawa/0009.jpg,dataset/attacks/error_generic/fgsm/eps_0_150/049_n004926_Kulraj_Randhawa/0009_adv.png,0.15,0.119361
fgsm,0.15,False,-1,-1,50,n007393,Riya_Sen,050_n007393_Riya_Sen,dataset/clean/test/050_n007393_Riya_Sen/0000.jpg,dataset/attacks/error_generic/fgsm/eps_0_150/050_n007393_Riya_Sen/0000_adv.png,0.15,0.141148
fgsm,0.15,False,-1,-1,50,n007393,Riya_Sen,050_n007393_Riya_Sen,dataset/clean/test/050_n007393_Riya_Sen/0001.jpg,dataset/attacks/error_generic/fgsm/eps_0_150/050_n007393_Riya_Sen/0001_adv.png,0.15,0.12127
fgsm,0.15,False,-1,-1,50,n007393,Riya_Sen,050_n007393_Riya_Sen,dataset/clean/test/050_n007393_Riya_Sen/0002.jpg,dataset/attacks/error_generic/fgsm/eps_0_150/050_n007393_Riya_Sen/0002_adv.png,0.15,0.1306
fgsm,0.15,False,-1,-1,50,n007393,Riya_Sen,050_n007393_Riya_Sen,dataset/clean/test/050_n007393_Riya_Sen/0003.jpg,dataset/attacks/error_generic/fgsm/eps_0_150/050_n007393_Riya_Sen/0003_adv.png,0.15,0.142262
fgsm,0.15,False,-1,-1,50,n007393,Riya_Sen,050_n007393_Riya_Sen,dataset/clean/test/050_n007393_Riya_Sen/0004.jpg,dataset/attacks/error_generic/fgsm/eps_0_150/050_n007393_Riya_Sen/0004_adv.png,0.15,0.132624
fgsm,0.15,False,-1,-1,50,n007393,Riya_Sen,050_n007393_Riya_Sen,dataset/clean/test/050_n007393_Riya_Sen/0005.jpg,dataset/attacks/error_generic/fgsm/eps_0_150/050_n007393_Riya_Sen/0005_adv.png,0.15,0.139068
fgsm,0.15,False,-1,-1,50,n007393,Riya_Sen,050_n007393_Riya_Sen,dataset/clean/test/050_n007393_Riya_Sen/0006.jpg,dataset/attacks/error_generic/fgsm/eps_0_150/050_n007393_Riya_Sen/0006_adv.png,0.15,0.130557
fgsm,0.15,False,-1,-1,50,n007393,Riya_Sen,050_n007393_Riya_Sen,dataset/clean/test/050_n007393_Riya_Sen/0007.jpg,dataset/attacks/error_generic/fgsm/eps_0_150/050_n007393_Riya_Sen/0007_adv.png,0.15,0.139635
fgsm,0.15,False,-1,-1,50,n007393,Riya_Sen,050_n007393_Riya_Sen,dataset/clean/test/050_n007393_Riya_Sen/0008.jpg,dataset/attacks/error_generic/fgsm/eps_0_150/050_n007393_Riya_Sen/0008_adv.png,0.15,0.114204
fgsm,0.15,False,-1,-1,50,n007393,Riya_Sen,050_n007393_Riya_Sen,dataset/clean/test/050_n007393_Riya_Sen/0009.jpg,dataset/attacks/error_generic/fgsm/eps_0_150/050_n007393_Riya_Sen/0009_adv.png,0.15,0.135025
fgsm,0.15,False,-1,-1,51,n002342,Ed_Rendell,051_n002342_Ed_Rendell,dataset/clean/test/051_n002342_Ed_Rendell/0000.jpg,dataset/attacks/error_generic/fgsm/eps_0_150/051_n002342_Ed_Rendell/0000_adv.png,0.15,0.13837
fgsm,0.15,False,-1,-1,51,n002342,Ed_Rendell,051_n002342_Ed_Rendell,dataset/clean/test/051_n002342_Ed_Rendell/0001.jpg,dataset/attacks/error_generic/fgsm/eps_0_150/051_n002342_Ed_Rendell/0001_adv.png,0.15,0.142504
fgsm,0.15,False,-1,-1,51,n002342,Ed_Rendell,051_n002342_Ed_Rendell,dataset/clean/test/051_n002342_Ed_Rendell/0002.jpg,dataset/attacks/error_generic/fgsm/eps_0_150/051_n002342_Ed_Rendell/0002_adv.png,0.15,0.138864
fgsm,0.15,False,-1,-1,51,n002342,Ed_Rendell,051_n002342_Ed_Rendell,dataset/clean/test/051_n002342_Ed_Rendell/0003.jpg,dataset/attacks/error_generic/fgsm/eps_0_150/051_n002342_Ed_Rendell/0003_adv.png,0.15,0.133021
fgsm,0.15,False,-1,-1,51,n002342,Ed_Rendell,051_n002342_Ed_Rendell,dataset/clean/test/051_n002342_Ed_Rendell/0004.jpg,dataset/attacks/error_generic/fgsm/eps_0_150/051_n002342_Ed_Rendell/0004_adv.png,0.15,0.128035
fgsm,0.15,False,-1,-1,51,n002342,Ed_Rendell,051_n002342_Ed_Rendell,dataset/clean/test/051_n002342_Ed_Rendell/0005.jpg,dataset/attacks/error_generic/fgsm/eps_0_150/051_n002342_Ed_Rendell/0005_adv.png,0.15,0.132208
fgsm,0.15,False,-1,-1,51,n002342,Ed_Rendell,051_n002342_Ed_Rendell,dataset/clean/test/051_n002342_Ed_Rendell/0006.jpg,dataset/attacks/error_generic/fgsm/eps_0_150/051_n002342_Ed_Rendell/0006_adv.png,0.15,0.137787
fgsm,0.15,False,-1,-1,51,n002342,Ed_Rendell,051_n002342_Ed_Rendell,dataset/clean/test/051_n002342_Ed_Rendell/0007.jpg,dataset/attacks/error_generic/fgsm/eps_0_150/051_n002342_Ed_Rendell/0007_adv.png,0.15,0.12826
fgsm,0.15,False,-1,-1,51,n002342,Ed_Rendell,051_n002342_Ed_Rendell,dataset/clean/test/051_n002342_Ed_Rendell/0008.jpg,dataset/attacks/error_generic/fgsm/eps_0_150/051_n002342_Ed_Rendell/0008_adv.png,0.15,0.13833
fgsm,0.15,False,-1,-1,51,n002342,Ed_Rendell,051_n002342_Ed_Rendell,dataset/clean/test/051_n002342_Ed_Rendell/0009.jpg,dataset/attacks/error_generic/fgsm/eps_0_150/051_n002342_Ed_Rendell/0009_adv.png,0.15,0.136267
fgsm,0.15,False,-1,-1,52,n002119,Demetrio_Albertini,052_n002119_Demetrio_Albertini,dataset/clean/test/052_n002119_Demetrio_Albertini/0000.jpg,dataset/attacks/error_generic/fgsm/eps_0_150/052_n002119_Demetrio_Albertini/0000_adv.png,0.15,0.130227
fgsm,0.15,False,-1,-1,52,n002119,Demetrio_Albertini,052_n002119_Demetrio_Albertini,dataset/clean/test/052_n002119_Demetrio_Albertini/0001.jpg,dataset/attacks/error_generic/fgsm/eps_0_150/052_n002119_Demetrio_Albertini/0001_adv.png,0.15,0.128406
fgsm,0.15,False,-1,-1,52,n002119,Demetrio_Albertini,052_n002119_Demetrio_Albertini,dataset/clean/test/052_n002119_Demetrio_Albertini/0002.jpg,dataset/attacks/error_generic/fgsm/eps_0_150/052_n002119_Demetrio_Albertini/0002_adv.png,0.15,0.138486
fgsm,0.15,False,-1,-1,52,n002119,Demetrio_Albertini,052_n002119_Demetrio_Albertini,dataset/clean/test/052_n002119_Demetrio_Albertini/0003.jpg,dataset/attacks/error_generic/fgsm/eps_0_150/052_n002119_Demetrio_Albertini/0003_adv.png,0.15,0.126309
fgsm,0.15,False,-1,-1,52,n002119,Demetrio_Albertini,052_n002119_Demetrio_Albertini,dataset/clean/test/052_n002119_Demetrio_Albertini/0004.jpg,dataset/attacks/error_generic/fgsm/eps_0_150/052_n002119_Demetrio_Albertini/0004_adv.png,0.15,0.131524
fgsm,0.15,False,-1,-1,52,n002119,Demetrio_Albertini,052_n002119_Demetrio_Albertini,dataset/clean/test/052_n002119_Demetrio_Albertini/0005.jpg,dataset/attacks/error_generic/fgsm/eps_0_150/052_n002119_Demetrio_Albertini/0005_adv.png,0.15,0.141302
fgsm,0.15,False,-1,-1,52,n002119,Demetrio_Albertini,052_n002119_Demetrio_Albertini,dataset/clean/test/052_n002119_Demetrio_Albertini/0006.jpg,dataset/attacks/error_generic/fgsm/eps_0_150/052_n002119_Demetrio_Albertini/0006_adv.png,0.15,0.13487
fgsm,0.15,False,-1,-1,52,n002119,Demetrio_Albertini,052_n002119_Demetrio_Albertini,dataset/clean/test/052_n002119_Demetrio_Albertini/0007.jpg,dataset/attacks/error_generic/fgsm/eps_0_150/052_n002119_Demetrio_Albertini/0007_adv.png,0.15,0.126299
fgsm,0.15,False,-1,-1,52,n002119,Demetrio_Albertini,052_n002119_Demetrio_Albertini,dataset/clean/test/052_n002119_Demetrio_Albertini/0008.jpg,dataset/attacks/error_generic/fgsm/eps_0_150/052_n002119_Demetrio_Albertini/0008_adv.png,0.15,0.138384
fgsm,0.15,False,-1,-1,52,n002119,Demetrio_Albertini,052_n002119_Demetrio_Albertini,dataset/clean/test/052_n002119_Demetrio_Albertini/0009.jpg,dataset/attacks/error_generic/fgsm/eps_0_150/052_n002119_Demetrio_Albertini/0009_adv.png,0.15,0.120552
fgsm,0.15,False,-1,-1,53,n001960,Danniella_Westbrook,053_n001960_Danniella_Westbrook,dataset/clean/test/053_n001960_Danniella_Westbrook/0000.jpg,dataset/attacks/error_generic/fgsm/eps_0_150/053_n001960_Danniella_Westbrook/0000_adv.png,0.15,0.139809
fgsm,0.15,False,-1,-1,53,n001960,Danniella_Westbrook,053_n001960_Danniella_Westbrook,dataset/clean/test/053_n001960_Danniella_Westbrook/0001.jpg,dataset/attacks/error_generic/fgsm/eps_0_150/053_n001960_Danniella_Westbrook/0001_adv.png,0.15,0.122511
fgsm,0.15,False,-1,-1,53,n001960,Danniella_Westbrook,053_n001960_Danniella_Westbrook,dataset/clean/test/053_n001960_Danniella_Westbrook/0002.jpg,dataset/attacks/error_generic/fgsm/eps_0_150/053_n001960_Danniella_Westbrook/0002_adv.png,0.15,0.128169
fgsm,0.15,False,-1,-1,53,n001960,Danniella_Westbrook,053_n001960_Danniella_Westbrook,dataset/clean/test/053_n001960_Danniella_Westbrook/0003.jpg,dataset/attacks/error_generic/fgsm/eps_0_150/053_n001960_Danniella_Westbrook/0003_adv.png,0.15,0.137992
fgsm,0.15,False,-1,-1,53,n001960,Danniella_Westbrook,053_n001960_Danniella_Westbrook,dataset/clean/test/053_n001960_Danniella_Westbrook/0004.jpg,dataset/attacks/error_generic/fgsm/eps_0_150/053_n001960_Danniella_Westbrook/0004_adv.png,0.15,0.137685
fgsm,0.15,False,-1,-1,53,n001960,Danniella_Westbrook,053_n001960_Danniella_Westbrook,dataset/clean/test/053_n001960_Danniella_Westbrook/0005.jpg,dataset/attacks/error_generic/fgsm/eps_0_150/053_n001960_Danniella_Westbrook/0005_adv.png,0.15,0.14409
fgsm,0.15,False,-1,-1,53,n001960,Danniella_Westbrook,053_n001960_Danniella_Westbrook,dataset/clean/test/053_n001960_Danniella_Westbrook/0006.jpg,dataset/attacks/error_generic/fgsm/eps_0_150/053_n001960_Danniella_Westbrook/0006_adv.png,0.15,0.137876
fgsm,0.15,False,-1,-1,53,n001960,Danniella_Westbrook,053_n001960_Danniella_Westbrook,dataset/clean/test/053_n001960_Danniella_Westbrook/0007.jpg,dataset/attacks/error_generic/fgsm/eps_0_150/053_n001960_Danniella_Westbrook/0007_adv.png,0.15,0.144231
fgsm,0.15,False,-1,-1,53,n001960,Danniella_Westbrook,053_n001960_Danniella_Westbrook,dataset/clean/test/053_n001960_Danniella_Westbrook/0008.jpg,dataset/attacks/error_generic/fgsm/eps_0_150/053_n001960_Danniella_Westbrook/0008_adv.png,0.15,0.132585
fgsm,0.15,False,-1,-1,53,n001960,Danniella_Westbrook,053_n001960_Danniella_Westbrook,dataset/clean/test/053_n001960_Danniella_Westbrook/0009.jpg,dataset/attacks/error_generic/fgsm/eps_0_150/053_n001960_Danniella_Westbrook/0009_adv.png,0.15,0.13926
fgsm,0.15,False,-1,-1,54,n002118,Demetria_McKinney,054_n002118_Demetria_McKinney,dataset/clean/test/054_n002118_Demetria_McKinney/0000.jpg,dataset/attacks/error_generic/fgsm/eps_0_150/054_n002118_Demetria_McKinney/0000_adv.png,0.15,0.10866
fgsm,0.15,False,-1,-1,54,n002118,Demetria_McKinney,054_n002118_Demetria_McKinney,dataset/clean/test/054_n002118_Demetria_McKinney/0001.jpg,dataset/attacks/error_generic/fgsm/eps_0_150/054_n002118_Demetria_McKinney/0001_adv.png,0.15,0.140851
fgsm,0.15,False,-1,-1,54,n002118,Demetria_McKinney,054_n002118_Demetria_McKinney,dataset/clean/test/054_n002118_Demetria_McKinney/0002.jpg,dataset/attacks/error_generic/fgsm/eps_0_150/054_n002118_Demetria_McKinney/0002_adv.png,0.15,0.121741
fgsm,0.15,False,-1,-1,54,n002118,Demetria_McKinney,054_n002118_Demetria_McKinney,dataset/clean/test/054_n002118_Demetria_McKinney/0003.jpg,dataset/attacks/error_generic/fgsm/eps_0_150/054_n002118_Demetria_McKinney/0003_adv.png,0.15,0.128716
fgsm,0.15,False,-1,-1,54,n002118,Demetria_McKinney,054_n002118_Demetria_McKinney,dataset/clean/test/054_n002118_Demetria_McKinney/0004.jpg,dataset/attacks/error_generic/fgsm/eps_0_150/054_n002118_Demetria_McKinney/0004_adv.png,0.15,0.128866
fgsm,0.15,False,-1,-1,54,n002118,Demetria_McKinney,054_n002118_Demetria_McKinney,dataset/clean/test/054_n002118_Demetria_McKinney/0005.jpg,dataset/attacks/error_generic/fgsm/eps_0_150/054_n002118_Demetria_McKinney/0005_adv.png,0.15,0.126479
fgsm,0.15,False,-1,-1,54,n002118,Demetria_McKinney,054_n002118_Demetria_McKinney,dataset/clean/test/054_n002118_Demetria_McKinney/0006.jpg,dataset/attacks/error_generic/fgsm/eps_0_150/054_n002118_Demetria_McKinney/0006_adv.png,0.15,0.131158
fgsm,0.15,False,-1,-1,54,n002118,Demetria_McKinney,054_n002118_Demetria_McKinney,dataset/clean/test/054_n002118_Demetria_McKinney/0007.jpg,dataset/attacks/error_generic/fgsm/eps_0_150/054_n002118_Demetria_McKinney/0007_adv.png,0.15,0.138666
fgsm,0.15,False,-1,-1,54,n002118,Demetria_McKinney,054_n002118_Demetria_McKinney,dataset/clean/test/054_n002118_Demetria_McKinney/0008.jpg,dataset/attacks/error_generic/fgsm/eps_0_150/054_n002118_Demetria_McKinney/0008_adv.png,0.15,0.120321
fgsm,0.15,False,-1,-1,54,n002118,Demetria_McKinney,054_n002118_Demetria_McKinney,dataset/clean/test/054_n002118_Demetria_McKinney/0009.jpg,dataset/attacks/error_generic/fgsm/eps_0_150/054_n002118_Demetria_McKinney/0009_adv.png,0.15,0.124163
fgsm,0.15,False,-1,-1,55,n003011,Geoffrey_Kondogbia,055_n003011_Geoffrey_Kondogbia,dataset/clean/test/055_n003011_Geoffrey_Kondogbia/0000.jpg,dataset/attacks/error_generic/fgsm/eps_0_150/055_n003011_Geoffrey_Kondogbia/0000_adv.png,0.15,0.139892
fgsm,0.15,False,-1,-1,55,n003011,Geoffrey_Kondogbia,055_n003011_Geoffrey_Kondogbia,dataset/clean/test/055_n003011_Geoffrey_Kondogbia/0001.jpg,dataset/attacks/error_generic/fgsm/eps_0_150/055_n003011_Geoffrey_Kondogbia/0001_adv.png,0.15,0.138448
fgsm,0.15,False,-1,-1,55,n003011,Geoffrey_Kondogbia,055_n003011_Geoffrey_Kondogbia,dataset/clean/test/055_n003011_Geoffrey_Kondogbia/0002.jpg,dataset/attacks/error_generic/fgsm/eps_0_150/055_n003011_Geoffrey_Kondogbia/0002_adv.png,0.15,0.134555
fgsm,0.15,False,-1,-1,55,n003011,Geoffrey_Kondogbia,055_n003011_Geoffrey_Kondogbia,dataset/clean/test/055_n003011_Geoffrey_Kondogbia/0003.jpg,dataset/attacks/error_generic/fgsm/eps_0_150/055_n003011_Geoffrey_Kondogbia/0003_adv.png,0.15,0.136829
fgsm,0.15,False,-1,-1,55,n003011,Geoffrey_Kondogbia,055_n003011_Geoffrey_Kondogbia,dataset/clean/test/055_n003011_Geoffrey_Kondogbia/0004.jpg,dataset/attacks/error_generic/fgsm/eps_0_150/055_n003011_Geoffrey_Kondogbia/0004_adv.png,0.15,0.137449
fgsm,0.15,False,-1,-1,55,n003011,Geoffrey_Kondogbia,055_n003011_Geoffrey_Kondogbia,dataset/clean/test/055_n003011_Geoffrey_Kondogbia/0005.jpg,dataset/attacks/error_generic/fgsm/eps_0_150/055_n003011_Geoffrey_Kondogbia/0005_adv.png,0.15,0.135081
fgsm,0.15,False,-1,-1,55,n003011,Geoffrey_Kondogbia,055_n003011_Geoffrey_Kondogbia,dataset/clean/test/055_n003011_Geoffrey_Kondogbia/0006.jpg,dataset/attacks/error_generic/fgsm/eps_0_150/055_n003011_Geoffrey_Kondogbia/0006_adv.png,0.15,0.138913
fgsm,0.15,False,-1,-1,55,n003011,Geoffrey_Kondogbia,055_n003011_Geoffrey_Kondogbia,dataset/clean/test/055_n003011_Geoffrey_Kondogbia/0007.jpg,dataset/attacks/error_generic/fgsm/eps_0_150/055_n003011_Geoffrey_Kondogbia/0007_adv.png,0.15,0.140776
fgsm,0.15,False,-1,-1,55,n003011,Geoffrey_Kondogbia,055_n003011_Geoffrey_Kondogbia,dataset/clean/test/055_n003011_Geoffrey_Kondogbia/0008.jpg,dataset/attacks/error_generic/fgsm/eps_0_150/055_n003011_Geoffrey_Kondogbia/0008_adv.png,0.15,0.12937
fgsm,0.15,False,-1,-1,55,n003011,Geoffrey_Kondogbia,055_n003011_Geoffrey_Kondogbia,dataset/clean/test/055_n003011_Geoffrey_Kondogbia/0009.jpg,dataset/attacks/error_generic/fgsm/eps_0_150/055_n003011_Geoffrey_Kondogbia/0009_adv.png,0.15,0.128684
fgsm,0.15,False,-1,-1,56,n004757,Kevin_Streelman,056_n004757_Kevin_Streelman,dataset/clean/test/056_n004757_Kevin_Streelman/0000.jpg,dataset/attacks/error_generic/fgsm/eps_0_150/056_n004757_Kevin_Streelman/0000_adv.png,0.15,0.141354
fgsm,0.15,False,-1,-1,56,n004757,Kevin_Streelman,056_n004757_Kevin_Streelman,dataset/clean/test/056_n004757_Kevin_Streelman/0001.jpg,dataset/attacks/error_generic/fgsm/eps_0_150/056_n004757_Kevin_Streelman/0001_adv.png,0.15,0.132036
fgsm,0.15,False,-1,-1,56,n004757,Kevin_Streelman,056_n004757_Kevin_Streelman,dataset/clean/test/056_n004757_Kevin_Streelman/0002.jpg,dataset/attacks/error_generic/fgsm/eps_0_150/056_n004757_Kevin_Streelman/0002_adv.png,0.15,0.136616
fgsm,0.15,False,-1,-1,56,n004757,Kevin_Streelman,056_n004757_Kevin_Streelman,dataset/clean/test/056_n004757_Kevin_Streelman/0003.jpg,dataset/attacks/error_generic/fgsm/eps_0_150/056_n004757_Kevin_Streelman/0003_adv.png,0.15,0.131156
fgsm,0.15,False,-1,-1,56,n004757,Kevin_Streelman,056_n004757_Kevin_Streelman,dataset/clean/test/056_n004757_Kevin_Streelman/0004.jpg,dataset/attacks/error_generic/fgsm/eps_0_150/056_n004757_Kevin_Streelman/0004_adv.png,0.15,0.128086
fgsm,0.15,False,-1,-1,56,n004757,Kevin_Streelman,056_n004757_Kevin_Streelman,dataset/clean/test/056_n004757_Kevin_Streelman/0005.jpg,dataset/attacks/error_generic/fgsm/eps_0_150/056_n004757_Kevin_Streelman/0005_adv.png,0.15,0.141848
fgsm,0.15,False,-1,-1,56,n004757,Kevin_Streelman,056_n004757_Kevin_Streelman,dataset/clean/test/056_n004757_Kevin_Streelman/0006.jpg,dataset/attacks/error_generic/fgsm/eps_0_150/056_n004757_Kevin_Streelman/0006_adv.png,0.15,0.132495
fgsm,0.15,False,-1,-1,56,n004757,Kevin_Streelman,056_n004757_Kevin_Streelman,dataset/clean/test/056_n004757_Kevin_Streelman/0007.jpg,dataset/attacks/error_generic/fgsm/eps_0_150/056_n004757_Kevin_Streelman/0007_adv.png,0.15,0.134209
fgsm,0.15,False,-1,-1,56,n004757,Kevin_Streelman,056_n004757_Kevin_Streelman,dataset/clean/test/056_n004757_Kevin_Streelman/0008.jpg,dataset/attacks/error_generic/fgsm/eps_0_150/056_n004757_Kevin_Streelman/0008_adv.png,0.15,0.128793
fgsm,0.15,False,-1,-1,56,n004757,Kevin_Streelman,056_n004757_Kevin_Streelman,dataset/clean/test/056_n004757_Kevin_Streelman/0009.jpg,dataset/attacks/error_generic/fgsm/eps_0_150/056_n004757_Kevin_Streelman/0009_adv.png,0.15,0.139651
fgsm,0.15,False,-1,-1,57,n006963,Phil_Brown,057_n006963_Phil_Brown,dataset/clean/test/057_n006963_Phil_Brown/0000.jpg,dataset/attacks/error_generic/fgsm/eps_0_150/057_n006963_Phil_Brown/0000_adv.png,0.15,0.118978
fgsm,0.15,False,-1,-1,57,n006963,Phil_Brown,057_n006963_Phil_Brown,dataset/clean/test/057_n006963_Phil_Brown/0001.jpg,dataset/attacks/error_generic/fgsm/eps_0_150/057_n006963_Phil_Brown/0001_adv.png,0.15,0.120161
fgsm,0.15,False,-1,-1,57,n006963,Phil_Brown,057_n006963_Phil_Brown,dataset/clean/test/057_n006963_Phil_Brown/0002.jpg,dataset/attacks/error_generic/fgsm/eps_0_150/057_n006963_Phil_Brown/0002_adv.png,0.15,0.13312
fgsm,0.15,False,-1,-1,57,n006963,Phil_Brown,057_n006963_Phil_Brown,dataset/clean/test/057_n006963_Phil_Brown/0003.jpg,dataset/attacks/error_generic/fgsm/eps_0_150/057_n006963_Phil_Brown/0003_adv.png,0.15,0.129075
fgsm,0.15,False,-1,-1,57,n006963,Phil_Brown,057_n006963_Phil_Brown,dataset/clean/test/057_n006963_Phil_Brown/0004.jpg,dataset/attacks/error_generic/fgsm/eps_0_150/057_n006963_Phil_Brown/0004_adv.png,0.15,0.13261
fgsm,0.15,False,-1,-1,57,n006963,Phil_Brown,057_n006963_Phil_Brown,dataset/clean/test/057_n006963_Phil_Brown/0005.jpg,dataset/attacks/error_generic/fgsm/eps_0_150/057_n006963_Phil_Brown/0005_adv.png,0.15,0.139297
fgsm,0.15,False,-1,-1,57,n006963,Phil_Brown,057_n006963_Phil_Brown,dataset/clean/test/057_n006963_Phil_Brown/0006.jpg,dataset/attacks/error_generic/fgsm/eps_0_150/057_n006963_Phil_Brown/0006_adv.png,0.15,0.131291
fgsm,0.15,False,-1,-1,57,n006963,Phil_Brown,057_n006963_Phil_Brown,dataset/clean/test/057_n006963_Phil_Brown/0007.jpg,dataset/attacks/error_generic/fgsm/eps_0_150/057_n006963_Phil_Brown/0007_adv.png,0.15,0.126837
fgsm,0.15,False,-1,-1,57,n006963,Phil_Brown,057_n006963_Phil_Brown,dataset/clean/test/057_n006963_Phil_Brown/0008.jpg,dataset/attacks/error_generic/fgsm/eps_0_150/057_n006963_Phil_Brown/0008_adv.png,0.15,0.139073
fgsm,0.15,False,-1,-1,57,n006963,Phil_Brown,057_n006963_Phil_Brown,dataset/clean/test/057_n006963_Phil_Brown/0009.jpg,dataset/attacks/error_generic/fgsm/eps_0_150/057_n006963_Phil_Brown/0009_adv.png,0.15,0.137749
fgsm,0.15,False,-1,-1,58,n008785,Valentina_Vezzali,058_n008785_Valentina_Vezzali,dataset/clean/test/058_n008785_Valentina_Vezzali/0000.jpg,dataset/attacks/error_generic/fgsm/eps_0_150/058_n008785_Valentina_Vezzali/0000_adv.png,0.15,0.136031
fgsm,0.15,False,-1,-1,58,n008785,Valentina_Vezzali,058_n008785_Valentina_Vezzali,dataset/clean/test/058_n008785_Valentina_Vezzali/0001.jpg,dataset/attacks/error_generic/fgsm/eps_0_150/058_n008785_Valentina_Vezzali/0001_adv.png,0.15,0.14279
fgsm,0.15,False,-1,-1,58,n008785,Valentina_Vezzali,058_n008785_Valentina_Vezzali,dataset/clean/test/058_n008785_Valentina_Vezzali/0002.jpg,dataset/attacks/error_generic/fgsm/eps_0_150/058_n008785_Valentina_Vezzali/0002_adv.png,0.15,0.109363
fgsm,0.15,False,-1,-1,58,n008785,Valentina_Vezzali,058_n008785_Valentina_Vezzali,dataset/clean/test/058_n008785_Valentina_Vezzali/0003.jpg,dataset/attacks/error_generic/fgsm/eps_0_150/058_n008785_Valentina_Vezzali/0003_adv.png,0.15,0.138967
fgsm,0.15,False,-1,-1,58,n008785,Valentina_Vezzali,058_n008785_Valentina_Vezzali,dataset/clean/test/058_n008785_Valentina_Vezzali/0004.jpg,dataset/attacks/error_generic/fgsm/eps_0_150/058_n008785_Valentina_Vezzali/0004_adv.png,0.15,0.114388
fgsm,0.15,False,-1,-1,58,n008785,Valentina_Vezzali,058_n008785_Valentina_Vezzali,dataset/clean/test/058_n008785_Valentina_Vezzali/0005.jpg,dataset/attacks/error_generic/fgsm/eps_0_150/058_n008785_Valentina_Vezzali/0005_adv.png,0.15,0.12979
fgsm,0.15,False,-1,-1,58,n008785,Valentina_Vezzali,058_n008785_Valentina_Vezzali,dataset/clean/test/058_n008785_Valentina_Vezzali/0006.jpg,dataset/attacks/error_generic/fgsm/eps_0_150/058_n008785_Valentina_Vezzali/0006_adv.png,0.15,0.129929
fgsm,0.15,False,-1,-1,58,n008785,Valentina_Vezzali,058_n008785_Valentina_Vezzali,dataset/clean/test/058_n008785_Valentina_Vezzali/0007.jpg,dataset/attacks/error_generic/fgsm/eps_0_150/058_n008785_Valentina_Vezzali/0007_adv.png,0.15,0.136137
fgsm,0.15,False,-1,-1,58,n008785,Valentina_Vezzali,058_n008785_Valentina_Vezzali,dataset/clean/test/058_n008785_Valentina_Vezzali/0008.jpg,dataset/attacks/error_generic/fgsm/eps_0_150/058_n008785_Valentina_Vezzali/0008_adv.png,0.15,0.106796
fgsm,0.15,False,-1,-1,58,n008785,Valentina_Vezzali,058_n008785_Valentina_Vezzali,dataset/clean/test/058_n008785_Valentina_Vezzali/0009.jpg,dataset/attacks/error_generic/fgsm/eps_0_150/058_n008785_Valentina_Vezzali/0009_adv.png,0.15,0.128119
fgsm,0.15,False,-1,-1,59,n005757,Marvin_Agustin,059_n005757_Marvin_Agustin,dataset/clean/test/059_n005757_Marvin_Agustin/0000.jpg,dataset/attacks/error_generic/fgsm/eps_0_150/059_n005757_Marvin_Agustin/0000_adv.png,0.15,0.139428
fgsm,0.15,False,-1,-1,59,n005757,Marvin_Agustin,059_n005757_Marvin_Agustin,dataset/clean/test/059_n005757_Marvin_Agustin/0001.jpg,dataset/attacks/error_generic/fgsm/eps_0_150/059_n005757_Marvin_Agustin/0001_adv.png,0.15,0.137102
fgsm,0.15,False,-1,-1,59,n005757,Marvin_Agustin,059_n005757_Marvin_Agustin,dataset/clean/test/059_n005757_Marvin_Agustin/0002.jpg,dataset/attacks/error_generic/fgsm/eps_0_150/059_n005757_Marvin_Agustin/0002_adv.png,0.15,0.128138
fgsm,0.15,False,-1,-1,59,n005757,Marvin_Agustin,059_n005757_Marvin_Agustin,dataset/clean/test/059_n005757_Marvin_Agustin/0003.jpg,dataset/attacks/error_generic/fgsm/eps_0_150/059_n005757_Marvin_Agustin/0003_adv.png,0.15,0.126486
fgsm,0.15,False,-1,-1,59,n005757,Marvin_Agustin,059_n005757_Marvin_Agustin,dataset/clean/test/059_n005757_Marvin_Agustin/0004.jpg,dataset/attacks/error_generic/fgsm/eps_0_150/059_n005757_Marvin_Agustin/0004_adv.png,0.15,0.14191
fgsm,0.15,False,-1,-1,59,n005757,Marvin_Agustin,059_n005757_Marvin_Agustin,dataset/clean/test/059_n005757_Marvin_Agustin/0005.jpg,dataset/attacks/error_generic/fgsm/eps_0_150/059_n005757_Marvin_Agustin/0005_adv.png,0.15,0.132654
fgsm,0.15,False,-1,-1,59,n005757,Marvin_Agustin,059_n005757_Marvin_Agustin,dataset/clean/test/059_n005757_Marvin_Agustin/0006.jpg,dataset/attacks/error_generic/fgsm/eps_0_150/059_n005757_Marvin_Agustin/0006_adv.png,0.15,0.14219
fgsm,0.15,False,-1,-1,59,n005757,Marvin_Agustin,059_n005757_Marvin_Agustin,dataset/clean/test/059_n005757_Marvin_Agustin/0007.jpg,dataset/attacks/error_generic/fgsm/eps_0_150/059_n005757_Marvin_Agustin/0007_adv.png,0.15,0.137444
fgsm,0.15,False,-1,-1,59,n005757,Marvin_Agustin,059_n005757_Marvin_Agustin,dataset/clean/test/059_n005757_Marvin_Agustin/0008.jpg,dataset/attacks/error_generic/fgsm/eps_0_150/059_n005757_Marvin_Agustin/0008_adv.png,0.15,0.133921
fgsm,0.15,False,-1,-1,59,n005757,Marvin_Agustin,059_n005757_Marvin_Agustin,dataset/clean/test/059_n005757_Marvin_Agustin/0009.jpg,dataset/attacks/error_generic/fgsm/eps_0_150/059_n005757_Marvin_Agustin/0009_adv.png,0.15,0.133806
fgsm,0.15,False,-1,-1,60,n002586,Erich_Gonzales,060_n002586_Erich_Gonzales,dataset/clean/test/060_n002586_Erich_Gonzales/0000.jpg,dataset/attacks/error_generic/fgsm/eps_0_150/060_n002586_Erich_Gonzales/0000_adv.png,0.15,0.139451
fgsm,0.15,False,-1,-1,60,n002586,Erich_Gonzales,060_n002586_Erich_Gonzales,dataset/clean/test/060_n002586_Erich_Gonzales/0001.jpg,dataset/attacks/error_generic/fgsm/eps_0_150/060_n002586_Erich_Gonzales/0001_adv.png,0.15,0.124667
fgsm,0.15,False,-1,-1,60,n002586,Erich_Gonzales,060_n002586_Erich_Gonzales,dataset/clean/test/060_n002586_Erich_Gonzales/0002.jpg,dataset/attacks/error_generic/fgsm/eps_0_150/060_n002586_Erich_Gonzales/0002_adv.png,0.15,0.134572
fgsm,0.15,False,-1,-1,60,n002586,Erich_Gonzales,060_n002586_Erich_Gonzales,dataset/clean/test/060_n002586_Erich_Gonzales/0003.jpg,dataset/attacks/error_generic/fgsm/eps_0_150/060_n002586_Erich_Gonzales/0003_adv.png,0.15,0.14242
fgsm,0.15,False,-1,-1,60,n002586,Erich_Gonzales,060_n002586_Erich_Gonzales,dataset/clean/test/060_n002586_Erich_Gonzales/0004.jpg,dataset/attacks/error_generic/fgsm/eps_0_150/060_n002586_Erich_Gonzales/0004_adv.png,0.15,0.129256
fgsm,0.15,False,-1,-1,60,n002586,Erich_Gonzales,060_n002586_Erich_Gonzales,dataset/clean/test/060_n002586_Erich_Gonzales/0005.jpg,dataset/attacks/error_generic/fgsm/eps_0_150/060_n002586_Erich_Gonzales/0005_adv.png,0.15,0.11813
fgsm,0.15,False,-1,-1,60,n002586,Erich_Gonzales,060_n002586_Erich_Gonzales,dataset/clean/test/060_n002586_Erich_Gonzales/0006.jpg,dataset/attacks/error_generic/fgsm/eps_0_150/060_n002586_Erich_Gonzales/0006_adv.png,0.15,0.138257
fgsm,0.15,False,-1,-1,60,n002586,Erich_Gonzales,060_n002586_Erich_Gonzales,dataset/clean/test/060_n002586_Erich_Gonzales/0007.jpg,dataset/attacks/error_generic/fgsm/eps_0_150/060_n002586_Erich_Gonzales/0007_adv.png,0.15,0.12744
fgsm,0.15,False,-1,-1,60,n002586,Erich_Gonzales,060_n002586_Erich_Gonzales,dataset/clean/test/060_n002586_Erich_Gonzales/0008.jpg,dataset/attacks/error_generic/fgsm/eps_0_150/060_n002586_Erich_Gonzales/0008_adv.png,0.15,0.127358
fgsm,0.15,False,-1,-1,60,n002586,Erich_Gonzales,060_n002586_Erich_Gonzales,dataset/clean/test/060_n002586_Erich_Gonzales/0009.jpg,dataset/attacks/error_generic/fgsm/eps_0_150/060_n002586_Erich_Gonzales/0009_adv.png,0.15,0.139097
fgsm,0.15,False,-1,-1,61,n003636,Iva_Fr_hlingov,061_n003636_Iva_Fr_hlingov,dataset/clean/test/061_n003636_Iva_Fr_hlingov/0000.jpg,dataset/attacks/error_generic/fgsm/eps_0_150/061_n003636_Iva_Fr_hlingov/0000_adv.png,0.15,0.115477
fgsm,0.15,False,-1,-1,61,n003636,Iva_Fr_hlingov,061_n003636_Iva_Fr_hlingov,dataset/clean/test/061_n003636_Iva_Fr_hlingov/0001.jpg,dataset/attacks/error_generic/fgsm/eps_0_150/061_n003636_Iva_Fr_hlingov/0001_adv.png,0.15,0.142968
fgsm,0.15,False,-1,-1,61,n003636,Iva_Fr_hlingov,061_n003636_Iva_Fr_hlingov,dataset/clean/test/061_n003636_Iva_Fr_hlingov/0002.jpg,dataset/attacks/error_generic/fgsm/eps_0_150/061_n003636_Iva_Fr_hlingov/0002_adv.png,0.15,0.129576
fgsm,0.15,False,-1,-1,61,n003636,Iva_Fr_hlingov,061_n003636_Iva_Fr_hlingov,dataset/clean/test/061_n003636_Iva_Fr_hlingov/0003.jpg,dataset/attacks/error_generic/fgsm/eps_0_150/061_n003636_Iva_Fr_hlingov/0003_adv.png,0.15,0.133323
fgsm,0.15,False,-1,-1,61,n003636,Iva_Fr_hlingov,061_n003636_Iva_Fr_hlingov,dataset/clean/test/061_n003636_Iva_Fr_hlingov/0004.jpg,dataset/attacks/error_generic/fgsm/eps_0_150/061_n003636_Iva_Fr_hlingov/0004_adv.png,0.15,0.138405
fgsm,0.15,False,-1,-1,61,n003636,Iva_Fr_hlingov,061_n003636_Iva_Fr_hlingov,dataset/clean/test/061_n003636_Iva_Fr_hlingov/0005.jpg,dataset/attacks/error_generic/fgsm/eps_0_150/061_n003636_Iva_Fr_hlingov/0005_adv.png,0.15,0.119332
fgsm,0.15,False,-1,-1,61,n003636,Iva_Fr_hlingov,061_n003636_Iva_Fr_hlingov,dataset/clean/test/061_n003636_Iva_Fr_hlingov/0006.jpg,dataset/attacks/error_generic/fgsm/eps_0_150/061_n003636_Iva_Fr_hlingov/0006_adv.png,0.15,0.135149
fgsm,0.15,False,-1,-1,61,n003636,Iva_Fr_hlingov,061_n003636_Iva_Fr_hlingov,dataset/clean/test/061_n003636_Iva_Fr_hlingov/0007.jpg,dataset/attacks/error_generic/fgsm/eps_0_150/061_n003636_Iva_Fr_hlingov/0007_adv.png,0.15,0.129485
fgsm,0.15,False,-1,-1,61,n003636,Iva_Fr_hlingov,061_n003636_Iva_Fr_hlingov,dataset/clean/test/061_n003636_Iva_Fr_hlingov/0008.jpg,dataset/attacks/error_generic/fgsm/eps_0_150/061_n003636_Iva_Fr_hlingov/0008_adv.png,0.15,0.128411
fgsm,0.15,False,-1,-1,61,n003636,Iva_Fr_hlingov,061_n003636_Iva_Fr_hlingov,dataset/clean/test/061_n003636_Iva_Fr_hlingov/0009.jpg,dataset/attacks/error_generic/fgsm/eps_0_150/061_n003636_Iva_Fr_hlingov/0009_adv.png,0.15,0.121978
fgsm,0.15,False,-1,-1,62,n001777,Colin_Kaepernick,062_n001777_Colin_Kaepernick,dataset/clean/test/062_n001777_Colin_Kaepernick/0000.jpg,dataset/attacks/error_generic/fgsm/eps_0_150/062_n001777_Colin_Kaepernick/0000_adv.png,0.15,0.132319
fgsm,0.15,False,-1,-1,62,n001777,Colin_Kaepernick,062_n001777_Colin_Kaepernick,dataset/clean/test/062_n001777_Colin_Kaepernick/0001.jpg,dataset/attacks/error_generic/fgsm/eps_0_150/062_n001777_Colin_Kaepernick/0001_adv.png,0.15,0.130678
fgsm,0.15,False,-1,-1,62,n001777,Colin_Kaepernick,062_n001777_Colin_Kaepernick,dataset/clean/test/062_n001777_Colin_Kaepernick/0002.jpg,dataset/attacks/error_generic/fgsm/eps_0_150/062_n001777_Colin_Kaepernick/0002_adv.png,0.15,0.130755
fgsm,0.15,False,-1,-1,62,n001777,Colin_Kaepernick,062_n001777_Colin_Kaepernick,dataset/clean/test/062_n001777_Colin_Kaepernick/0003.jpg,dataset/attacks/error_generic/fgsm/eps_0_150/062_n001777_Colin_Kaepernick/0003_adv.png,0.15,0.140107
fgsm,0.15,False,-1,-1,62,n001777,Colin_Kaepernick,062_n001777_Colin_Kaepernick,dataset/clean/test/062_n001777_Colin_Kaepernick/0004.jpg,dataset/attacks/error_generic/fgsm/eps_0_150/062_n001777_Colin_Kaepernick/0004_adv.png,0.15,0.119048
fgsm,0.15,False,-1,-1,62,n001777,Colin_Kaepernick,062_n001777_Colin_Kaepernick,dataset/clean/test/062_n001777_Colin_Kaepernick/0005.jpg,dataset/attacks/error_generic/fgsm/eps_0_150/062_n001777_Colin_Kaepernick/0005_adv.png,0.15,0.108357
fgsm,0.15,False,-1,-1,62,n001777,Colin_Kaepernick,062_n001777_Colin_Kaepernick,dataset/clean/test/062_n001777_Colin_Kaepernick/0006.jpg,dataset/attacks/error_generic/fgsm/eps_0_150/062_n001777_Colin_Kaepernick/0006_adv.png,0.15,0.136347
fgsm,0.15,False,-1,-1,62,n001777,Colin_Kaepernick,062_n001777_Colin_Kaepernick,dataset/clean/test/062_n001777_Colin_Kaepernick/0007.jpg,dataset/attacks/error_generic/fgsm/eps_0_150/062_n001777_Colin_Kaepernick/0007_adv.png,0.15,0.128194
fgsm,0.15,False,-1,-1,62,n001777,Colin_Kaepernick,062_n001777_Colin_Kaepernick,dataset/clean/test/062_n001777_Colin_Kaepernick/0008.jpg,dataset/attacks/error_generic/fgsm/eps_0_150/062_n001777_Colin_Kaepernick/0008_adv.png,0.15,0.134622
fgsm,0.15,False,-1,-1,62,n001777,Colin_Kaepernick,062_n001777_Colin_Kaepernick,dataset/clean/test/062_n001777_Colin_Kaepernick/0009.jpg,dataset/attacks/error_generic/fgsm/eps_0_150/062_n001777_Colin_Kaepernick/0009_adv.png,0.15,0.137294
fgsm,0.15,False,-1,-1,63,n003348,Harry_Judd,063_n003348_Harry_Judd,dataset/clean/test/063_n003348_Harry_Judd/0000.jpg,dataset/attacks/error_generic/fgsm/eps_0_150/063_n003348_Harry_Judd/0000_adv.png,0.15,0.115796
fgsm,0.15,False,-1,-1,63,n003348,Harry_Judd,063_n003348_Harry_Judd,dataset/clean/test/063_n003348_Harry_Judd/0001.jpg,dataset/attacks/error_generic/fgsm/eps_0_150/063_n003348_Harry_Judd/0001_adv.png,0.15,0.138759
fgsm,0.15,False,-1,-1,63,n003348,Harry_Judd,063_n003348_Harry_Judd,dataset/clean/test/063_n003348_Harry_Judd/0002.jpg,dataset/attacks/error_generic/fgsm/eps_0_150/063_n003348_Harry_Judd/0002_adv.png,0.15,0.132532
fgsm,0.15,False,-1,-1,63,n003348,Harry_Judd,063_n003348_Harry_Judd,dataset/clean/test/063_n003348_Harry_Judd/0003.jpg,dataset/attacks/error_generic/fgsm/eps_0_150/063_n003348_Harry_Judd/0003_adv.png,0.15,0.140034
fgsm,0.15,False,-1,-1,63,n003348,Harry_Judd,063_n003348_Harry_Judd,dataset/clean/test/063_n003348_Harry_Judd/0004.jpg,dataset/attacks/error_generic/fgsm/eps_0_150/063_n003348_Harry_Judd/0004_adv.png,0.15,0.131824
fgsm,0.15,False,-1,-1,63,n003348,Harry_Judd,063_n003348_Harry_Judd,dataset/clean/test/063_n003348_Harry_Judd/0005.jpg,dataset/attacks/error_generic/fgsm/eps_0_150/063_n003348_Harry_Judd/0005_adv.png,0.15,0.140853
fgsm,0.15,False,-1,-1,63,n003348,Harry_Judd,063_n003348_Harry_Judd,dataset/clean/test/063_n003348_Harry_Judd/0006.jpg,dataset/attacks/error_generic/fgsm/eps_0_150/063_n003348_Harry_Judd/0006_adv.png,0.15,0.142419
fgsm,0.15,False,-1,-1,63,n003348,Harry_Judd,063_n003348_Harry_Judd,dataset/clean/test/063_n003348_Harry_Judd/0007.jpg,dataset/attacks/error_generic/fgsm/eps_0_150/063_n003348_Harry_Judd/0007_adv.png,0.15,0.134043
fgsm,0.15,False,-1,-1,63,n003348,Harry_Judd,063_n003348_Harry_Judd,dataset/clean/test/063_n003348_Harry_Judd/0008.jpg,dataset/attacks/error_generic/fgsm/eps_0_150/063_n003348_Harry_Judd/0008_adv.png,0.15,0.138908
fgsm,0.15,False,-1,-1,63,n003348,Harry_Judd,063_n003348_Harry_Judd,dataset/clean/test/063_n003348_Harry_Judd/0009.jpg,dataset/attacks/error_generic/fgsm/eps_0_150/063_n003348_Harry_Judd/0009_adv.png,0.15,0.121629
fgsm,0.15,False,-1,-1,64,n000412,Amit_Sadh,064_n000412_Amit_Sadh,dataset/clean/test/064_n000412_Amit_Sadh/0000.jpg,dataset/attacks/error_generic/fgsm/eps_0_150/064_n000412_Amit_Sadh/0000_adv.png,0.15,0.138084
fgsm,0.15,False,-1,-1,64,n000412,Amit_Sadh,064_n000412_Amit_Sadh,dataset/clean/test/064_n000412_Amit_Sadh/0001.jpg,dataset/attacks/error_generic/fgsm/eps_0_150/064_n000412_Amit_Sadh/0001_adv.png,0.15,0.139775
fgsm,0.15,False,-1,-1,64,n000412,Amit_Sadh,064_n000412_Amit_Sadh,dataset/clean/test/064_n000412_Amit_Sadh/0002.jpg,dataset/attacks/error_generic/fgsm/eps_0_150/064_n000412_Amit_Sadh/0002_adv.png,0.15,0.137188
fgsm,0.15,False,-1,-1,64,n000412,Amit_Sadh,064_n000412_Amit_Sadh,dataset/clean/test/064_n000412_Amit_Sadh/0003.jpg,dataset/attacks/error_generic/fgsm/eps_0_150/064_n000412_Amit_Sadh/0003_adv.png,0.15,0.126531
fgsm,0.15,False,-1,-1,64,n000412,Amit_Sadh,064_n000412_Amit_Sadh,dataset/clean/test/064_n000412_Amit_Sadh/0004.jpg,dataset/attacks/error_generic/fgsm/eps_0_150/064_n000412_Amit_Sadh/0004_adv.png,0.15,0.135492
fgsm,0.15,False,-1,-1,64,n000412,Amit_Sadh,064_n000412_Amit_Sadh,dataset/clean/test/064_n000412_Amit_Sadh/0005.jpg,dataset/attacks/error_generic/fgsm/eps_0_150/064_n000412_Amit_Sadh/0005_adv.png,0.15,0.127171
fgsm,0.15,False,-1,-1,64,n000412,Amit_Sadh,064_n000412_Amit_Sadh,dataset/clean/test/064_n000412_Amit_Sadh/0006.jpg,dataset/attacks/error_generic/fgsm/eps_0_150/064_n000412_Amit_Sadh/0006_adv.png,0.15,0.13724
fgsm,0.15,False,-1,-1,64,n000412,Amit_Sadh,064_n000412_Amit_Sadh,dataset/clean/test/064_n000412_Amit_Sadh/0007.jpg,dataset/attacks/error_generic/fgsm/eps_0_150/064_n000412_Amit_Sadh/0007_adv.png,0.15,0.118687
fgsm,0.15,False,-1,-1,64,n000412,Amit_Sadh,064_n000412_Amit_Sadh,dataset/clean/test/064_n000412_Amit_Sadh/0008.jpg,dataset/attacks/error_generic/fgsm/eps_0_150/064_n000412_Amit_Sadh/0008_adv.png,0.15,0.123626
fgsm,0.15,False,-1,-1,64,n000412,Amit_Sadh,064_n000412_Amit_Sadh,dataset/clean/test/064_n000412_Amit_Sadh/0009.jpg,dataset/attacks/error_generic/fgsm/eps_0_150/064_n000412_Amit_Sadh/0009_adv.png,0.15,0.122914
fgsm,0.15,False,-1,-1,65,n004164,Joe_Oliver,065_n004164_Joe_Oliver,dataset/clean/test/065_n004164_Joe_Oliver/0000.jpg,dataset/attacks/error_generic/fgsm/eps_0_150/065_n004164_Joe_Oliver/0000_adv.png,0.15,0.140753
fgsm,0.15,False,-1,-1,65,n004164,Joe_Oliver,065_n004164_Joe_Oliver,dataset/clean/test/065_n004164_Joe_Oliver/0001.jpg,dataset/attacks/error_generic/fgsm/eps_0_150/065_n004164_Joe_Oliver/0001_adv.png,0.15,0.132063
fgsm,0.15,False,-1,-1,65,n004164,Joe_Oliver,065_n004164_Joe_Oliver,dataset/clean/test/065_n004164_Joe_Oliver/0002.jpg,dataset/attacks/error_generic/fgsm/eps_0_150/065_n004164_Joe_Oliver/0002_adv.png,0.15,0.118798
fgsm,0.15,False,-1,-1,65,n004164,Joe_Oliver,065_n004164_Joe_Oliver,dataset/clean/test/065_n004164_Joe_Oliver/0003.jpg,dataset/attacks/error_generic/fgsm/eps_0_150/065_n004164_Joe_Oliver/0003_adv.png,0.15,0.119118
fgsm,0.15,False,-1,-1,65,n004164,Joe_Oliver,065_n004164_Joe_Oliver,dataset/clean/test/065_n004164_Joe_Oliver/0004.jpg,dataset/attacks/error_generic/fgsm/eps_0_150/065_n004164_Joe_Oliver/0004_adv.png,0.15,0.133595
fgsm,0.15,False,-1,-1,65,n004164,Joe_Oliver,065_n004164_Joe_Oliver,dataset/clean/test/065_n004164_Joe_Oliver/0005.jpg,dataset/attacks/error_generic/fgsm/eps_0_150/065_n004164_Joe_Oliver/0005_adv.png,0.15,0.138176
fgsm,0.15,False,-1,-1,65,n004164,Joe_Oliver,065_n004164_Joe_Oliver,dataset/clean/test/065_n004164_Joe_Oliver/0006.jpg,dataset/attacks/error_generic/fgsm/eps_0_150/065_n004164_Joe_Oliver/0006_adv.png,0.15,0.137517
fgsm,0.15,False,-1,-1,65,n004164,Joe_Oliver,065_n004164_Joe_Oliver,dataset/clean/test/065_n004164_Joe_Oliver/0007.jpg,dataset/attacks/error_generic/fgsm/eps_0_150/065_n004164_Joe_Oliver/0007_adv.png,0.15,0.130758
fgsm,0.15,False,-1,-1,65,n004164,Joe_Oliver,065_n004164_Joe_Oliver,dataset/clean/test/065_n004164_Joe_Oliver/0008.jpg,dataset/attacks/error_generic/fgsm/eps_0_150/065_n004164_Joe_Oliver/0008_adv.png,0.15,0.133639
fgsm,0.15,False,-1,-1,65,n004164,Joe_Oliver,065_n004164_Joe_Oliver,dataset/clean/test/065_n004164_Joe_Oliver/0009.jpg,dataset/attacks/error_generic/fgsm/eps_0_150/065_n004164_Joe_Oliver/0009_adv.png,0.15,0.142641
fgsm,0.15,False,-1,-1,66,n008368,S_mer_Tilma,066_n008368_S_mer_Tilma,dataset/clean/test/066_n008368_S_mer_Tilma/0000.jpg,dataset/attacks/error_generic/fgsm/eps_0_150/066_n008368_S_mer_Tilma/0000_adv.png,0.15,0.11512
fgsm,0.15,False,-1,-1,66,n008368,S_mer_Tilma,066_n008368_S_mer_Tilma,dataset/clean/test/066_n008368_S_mer_Tilma/0001.jpg,dataset/attacks/error_generic/fgsm/eps_0_150/066_n008368_S_mer_Tilma/0001_adv.png,0.15,0.124067
fgsm,0.15,False,-1,-1,66,n008368,S_mer_Tilma,066_n008368_S_mer_Tilma,dataset/clean/test/066_n008368_S_mer_Tilma/0002.jpg,dataset/attacks/error_generic/fgsm/eps_0_150/066_n008368_S_mer_Tilma/0002_adv.png,0.15,0.141578
fgsm,0.15,False,-1,-1,66,n008368,S_mer_Tilma,066_n008368_S_mer_Tilma,dataset/clean/test/066_n008368_S_mer_Tilma/0003.jpg,dataset/attacks/error_generic/fgsm/eps_0_150/066_n008368_S_mer_Tilma/0003_adv.png,0.15,0.142415
fgsm,0.15,False,-1,-1,66,n008368,S_mer_Tilma,066_n008368_S_mer_Tilma,dataset/clean/test/066_n008368_S_mer_Tilma/0004.jpg,dataset/attacks/error_generic/fgsm/eps_0_150/066_n008368_S_mer_Tilma/0004_adv.png,0.15,0.139533
fgsm,0.15,False,-1,-1,66,n008368,S_mer_Tilma,066_n008368_S_mer_Tilma,dataset/clean/test/066_n008368_S_mer_Tilma/0005.jpg,dataset/attacks/error_generic/fgsm/eps_0_150/066_n008368_S_mer_Tilma/0005_adv.png,0.15,0.125163
fgsm,0.15,False,-1,-1,66,n008368,S_mer_Tilma,066_n008368_S_mer_Tilma,dataset/clean/test/066_n008368_S_mer_Tilma/0006.jpg,dataset/attacks/error_generic/fgsm/eps_0_150/066_n008368_S_mer_Tilma/0006_adv.png,0.15,0.10997
fgsm,0.15,False,-1,-1,66,n008368,S_mer_Tilma,066_n008368_S_mer_Tilma,dataset/clean/test/066_n008368_S_mer_Tilma/0007.jpg,dataset/attacks/error_generic/fgsm/eps_0_150/066_n008368_S_mer_Tilma/0007_adv.png,0.15,0.108701
fgsm,0.15,False,-1,-1,66,n008368,S_mer_Tilma,066_n008368_S_mer_Tilma,dataset/clean/test/066_n008368_S_mer_Tilma/0008.jpg,dataset/attacks/error_generic/fgsm/eps_0_150/066_n008368_S_mer_Tilma/0008_adv.png,0.15,0.133627
fgsm,0.15,False,-1,-1,66,n008368,S_mer_Tilma,066_n008368_S_mer_Tilma,dataset/clean/test/066_n008368_S_mer_Tilma/0009.jpg,dataset/attacks/error_generic/fgsm/eps_0_150/066_n008368_S_mer_Tilma/0009_adv.png,0.15,0.12952
fgsm,0.15,False,-1,-1,67,n006518,Nicole_Gale_Anderson,067_n006518_Nicole_Gale_Anderson,dataset/clean/test/067_n006518_Nicole_Gale_Anderson/0000.jpg,dataset/attacks/error_generic/fgsm/eps_0_150/067_n006518_Nicole_Gale_Anderson/0000_adv.png,0.15,0.111456
fgsm,0.15,False,-1,-1,67,n006518,Nicole_Gale_Anderson,067_n006518_Nicole_Gale_Anderson,dataset/clean/test/067_n006518_Nicole_Gale_Anderson/0001.jpg,dataset/attacks/error_generic/fgsm/eps_0_150/067_n006518_Nicole_Gale_Anderson/0001_adv.png,0.15,0.1395
fgsm,0.15,False,-1,-1,67,n006518,Nicole_Gale_Anderson,067_n006518_Nicole_Gale_Anderson,dataset/clean/test/067_n006518_Nicole_Gale_Anderson/0002.jpg,dataset/attacks/error_generic/fgsm/eps_0_150/067_n006518_Nicole_Gale_Anderson/0002_adv.png,0.15,0.141935
fgsm,0.15,False,-1,-1,67,n006518,Nicole_Gale_Anderson,067_n006518_Nicole_Gale_Anderson,dataset/clean/test/067_n006518_Nicole_Gale_Anderson/0003.jpg,dataset/attacks/error_generic/fgsm/eps_0_150/067_n006518_Nicole_Gale_Anderson/0003_adv.png,0.15,0.131555
fgsm,0.15,False,-1,-1,67,n006518,Nicole_Gale_Anderson,067_n006518_Nicole_Gale_Anderson,dataset/clean/test/067_n006518_Nicole_Gale_Anderson/0004.jpg,dataset/attacks/error_generic/fgsm/eps_0_150/067_n006518_Nicole_Gale_Anderson/0004_adv.png,0.15,0.140245
fgsm,0.15,False,-1,-1,67,n006518,Nicole_Gale_Anderson,067_n006518_Nicole_Gale_Anderson,dataset/clean/test/067_n006518_Nicole_Gale_Anderson/0005.jpg,dataset/attacks/error_generic/fgsm/eps_0_150/067_n006518_Nicole_Gale_Anderson/0005_adv.png,0.15,0.12731
fgsm,0.15,False,-1,-1,67,n006518,Nicole_Gale_Anderson,067_n006518_Nicole_Gale_Anderson,dataset/clean/test/067_n006518_Nicole_Gale_Anderson/0006.jpg,dataset/attacks/error_generic/fgsm/eps_0_150/067_n006518_Nicole_Gale_Anderson/0006_adv.png,0.15,0.128515
fgsm,0.15,False,-1,-1,67,n006518,Nicole_Gale_Anderson,067_n006518_Nicole_Gale_Anderson,dataset/clean/test/067_n006518_Nicole_Gale_Anderson/0007.jpg,dataset/attacks/error_generic/fgsm/eps_0_150/067_n006518_Nicole_Gale_Anderson/0007_adv.png,0.15,0.140422
fgsm,0.15,False,-1,-1,67,n006518,Nicole_Gale_Anderson,067_n006518_Nicole_Gale_Anderson,dataset/clean/test/067_n006518_Nicole_Gale_Anderson/0008.jpg,dataset/attacks/error_generic/fgsm/eps_0_150/067_n006518_Nicole_Gale_Anderson/0008_adv.png,0.15,0.11039
fgsm,0.15,False,-1,-1,67,n006518,Nicole_Gale_Anderson,067_n006518_Nicole_Gale_Anderson,dataset/clean/test/067_n006518_Nicole_Gale_Anderson/0009.jpg,dataset/attacks/error_generic/fgsm/eps_0_150/067_n006518_Nicole_Gale_Anderson/0009_adv.png,0.15,0.138135
fgsm,0.15,False,-1,-1,68,n002026,David_Choquehuanca,068_n002026_David_Choquehuanca,dataset/clean/test/068_n002026_David_Choquehuanca/0000.jpg,dataset/attacks/error_generic/fgsm/eps_0_150/068_n002026_David_Choquehuanca/0000_adv.png,0.15,0.138457
fgsm,0.15,False,-1,-1,68,n002026,David_Choquehuanca,068_n002026_David_Choquehuanca,dataset/clean/test/068_n002026_David_Choquehuanca/0001.jpg,dataset/attacks/error_generic/fgsm/eps_0_150/068_n002026_David_Choquehuanca/0001_adv.png,0.15,0.130857
fgsm,0.15,False,-1,-1,68,n002026,David_Choquehuanca,068_n002026_David_Choquehuanca,dataset/clean/test/068_n002026_David_Choquehuanca/0002.jpg,dataset/attacks/error_generic/fgsm/eps_0_150/068_n002026_David_Choquehuanca/0002_adv.png,0.15,0.136783
fgsm,0.15,False,-1,-1,68,n002026,David_Choquehuanca,068_n002026_David_Choquehuanca,dataset/clean/test/068_n002026_David_Choquehuanca/0003.jpg,dataset/attacks/error_generic/fgsm/eps_0_150/068_n002026_David_Choquehuanca/0003_adv.png,0.15,0.141301
fgsm,0.15,False,-1,-1,68,n002026,David_Choquehuanca,068_n002026_David_Choquehuanca,dataset/clean/test/068_n002026_David_Choquehuanca/0004.jpg,dataset/attacks/error_generic/fgsm/eps_0_150/068_n002026_David_Choquehuanca/0004_adv.png,0.15,0.133393
fgsm,0.15,False,-1,-1,68,n002026,David_Choquehuanca,068_n002026_David_Choquehuanca,dataset/clean/test/068_n002026_David_Choquehuanca/0005.jpg,dataset/attacks/error_generic/fgsm/eps_0_150/068_n002026_David_Choquehuanca/0005_adv.png,0.15,0.137007
fgsm,0.15,False,-1,-1,68,n002026,David_Choquehuanca,068_n002026_David_Choquehuanca,dataset/clean/test/068_n002026_David_Choquehuanca/0006.jpg,dataset/attacks/error_generic/fgsm/eps_0_150/068_n002026_David_Choquehuanca/0006_adv.png,0.15,0.132122
fgsm,0.15,False,-1,-1,68,n002026,David_Choquehuanca,068_n002026_David_Choquehuanca,dataset/clean/test/068_n002026_David_Choquehuanca/0007.jpg,dataset/attacks/error_generic/fgsm/eps_0_150/068_n002026_David_Choquehuanca/0007_adv.png,0.15,0.114652
fgsm,0.15,False,-1,-1,68,n002026,David_Choquehuanca,068_n002026_David_Choquehuanca,dataset/clean/test/068_n002026_David_Choquehuanca/0008.jpg,dataset/attacks/error_generic/fgsm/eps_0_150/068_n002026_David_Choquehuanca/0008_adv.png,0.15,0.127019
fgsm,0.15,False,-1,-1,68,n002026,David_Choquehuanca,068_n002026_David_Choquehuanca,dataset/clean/test/068_n002026_David_Choquehuanca/0009.jpg,dataset/attacks/error_generic/fgsm/eps_0_150/068_n002026_David_Choquehuanca/0009_adv.png,0.15,0.129445
fgsm,0.15,False,-1,-1,69,n005512,Marc_Pircher,069_n005512_Marc_Pircher,dataset/clean/test/069_n005512_Marc_Pircher/0000.jpg,dataset/attacks/error_generic/fgsm/eps_0_150/069_n005512_Marc_Pircher/0000_adv.png,0.15,0.12251
fgsm,0.15,False,-1,-1,69,n005512,Marc_Pircher,069_n005512_Marc_Pircher,dataset/clean/test/069_n005512_Marc_Pircher/0001.jpg,dataset/attacks/error_generic/fgsm/eps_0_150/069_n005512_Marc_Pircher/0001_adv.png,0.15,0.117229
fgsm,0.15,False,-1,-1,69,n005512,Marc_Pircher,069_n005512_Marc_Pircher,dataset/clean/test/069_n005512_Marc_Pircher/0002.jpg,dataset/attacks/error_generic/fgsm/eps_0_150/069_n005512_Marc_Pircher/0002_adv.png,0.15,0.138427
fgsm,0.15,False,-1,-1,69,n005512,Marc_Pircher,069_n005512_Marc_Pircher,dataset/clean/test/069_n005512_Marc_Pircher/0003.jpg,dataset/attacks/error_generic/fgsm/eps_0_150/069_n005512_Marc_Pircher/0003_adv.png,0.15,0.131883
fgsm,0.15,False,-1,-1,69,n005512,Marc_Pircher,069_n005512_Marc_Pircher,dataset/clean/test/069_n005512_Marc_Pircher/0004.jpg,dataset/attacks/error_generic/fgsm/eps_0_150/069_n005512_Marc_Pircher/0004_adv.png,0.15,0.133229
fgsm,0.15,False,-1,-1,69,n005512,Marc_Pircher,069_n005512_Marc_Pircher,dataset/clean/test/069_n005512_Marc_Pircher/0005.jpg,dataset/attacks/error_generic/fgsm/eps_0_150/069_n005512_Marc_Pircher/0005_adv.png,0.15,0.132322
fgsm,0.15,False,-1,-1,69,n005512,Marc_Pircher,069_n005512_Marc_Pircher,dataset/clean/test/069_n005512_Marc_Pircher/0006.jpg,dataset/attacks/error_generic/fgsm/eps_0_150/069_n005512_Marc_Pircher/0006_adv.png,0.15,0.124206
fgsm,0.15,False,-1,-1,69,n005512,Marc_Pircher,069_n005512_Marc_Pircher,dataset/clean/test/069_n005512_Marc_Pircher/0007.jpg,dataset/attacks/error_generic/fgsm/eps_0_150/069_n005512_Marc_Pircher/0007_adv.png,0.15,0.109872
fgsm,0.15,False,-1,-1,69,n005512,Marc_Pircher,069_n005512_Marc_Pircher,dataset/clean/test/069_n005512_Marc_Pircher/0008.jpg,dataset/attacks/error_generic/fgsm/eps_0_150/069_n005512_Marc_Pircher/0008_adv.png,0.15,0.141474
fgsm,0.15,False,-1,-1,69,n005512,Marc_Pircher,069_n005512_Marc_Pircher,dataset/clean/test/069_n005512_Marc_Pircher/0009.jpg,dataset/attacks/error_generic/fgsm/eps_0_150/069_n005512_Marc_Pircher/0009_adv.png,0.15,0.12053
fgsm,0.15,False,-1,-1,70,n003629,Ismael_Blanco,070_n003629_Ismael_Blanco,dataset/clean/test/070_n003629_Ismael_Blanco/0000.jpg,dataset/attacks/error_generic/fgsm/eps_0_150/070_n003629_Ismael_Blanco/0000_adv.png,0.15,0.130496
fgsm,0.15,False,-1,-1,70,n003629,Ismael_Blanco,070_n003629_Ismael_Blanco,dataset/clean/test/070_n003629_Ismael_Blanco/0001.jpg,dataset/attacks/error_generic/fgsm/eps_0_150/070_n003629_Ismael_Blanco/0001_adv.png,0.15,0.133008
fgsm,0.15,False,-1,-1,70,n003629,Ismael_Blanco,070_n003629_Ismael_Blanco,dataset/clean/test/070_n003629_Ismael_Blanco/0002.jpg,dataset/attacks/error_generic/fgsm/eps_0_150/070_n003629_Ismael_Blanco/0002_adv.png,0.15,0.133888
fgsm,0.15,False,-1,-1,70,n003629,Ismael_Blanco,070_n003629_Ismael_Blanco,dataset/clean/test/070_n003629_Ismael_Blanco/0003.jpg,dataset/attacks/error_generic/fgsm/eps_0_150/070_n003629_Ismael_Blanco/0003_adv.png,0.15,0.127064
fgsm,0.15,False,-1,-1,70,n003629,Ismael_Blanco,070_n003629_Ismael_Blanco,dataset/clean/test/070_n003629_Ismael_Blanco/0004.jpg,dataset/attacks/error_generic/fgsm/eps_0_150/070_n003629_Ismael_Blanco/0004_adv.png,0.15,0.134304
fgsm,0.15,False,-1,-1,70,n003629,Ismael_Blanco,070_n003629_Ismael_Blanco,dataset/clean/test/070_n003629_Ismael_Blanco/0005.jpg,dataset/attacks/error_generic/fgsm/eps_0_150/070_n003629_Ismael_Blanco/0005_adv.png,0.15,0.138544
fgsm,0.15,False,-1,-1,70,n003629,Ismael_Blanco,070_n003629_Ismael_Blanco,dataset/clean/test/070_n003629_Ismael_Blanco/0006.jpg,dataset/attacks/error_generic/fgsm/eps_0_150/070_n003629_Ismael_Blanco/0006_adv.png,0.15,0.14105
fgsm,0.15,False,-1,-1,70,n003629,Ismael_Blanco,070_n003629_Ismael_Blanco,dataset/clean/test/070_n003629_Ismael_Blanco/0007.jpg,dataset/attacks/error_generic/fgsm/eps_0_150/070_n003629_Ismael_Blanco/0007_adv.png,0.15,0.128028
fgsm,0.15,False,-1,-1,70,n003629,Ismael_Blanco,070_n003629_Ismael_Blanco,dataset/clean/test/070_n003629_Ismael_Blanco/0008.jpg,dataset/attacks/error_generic/fgsm/eps_0_150/070_n003629_Ismael_Blanco/0008_adv.png,0.15,0.125848
fgsm,0.15,False,-1,-1,70,n003629,Ismael_Blanco,070_n003629_Ismael_Blanco,dataset/clean/test/070_n003629_Ismael_Blanco/0009.jpg,dataset/attacks/error_generic/fgsm/eps_0_150/070_n003629_Ismael_Blanco/0009_adv.png,0.15,0.136215
fgsm,0.15,False,-1,-1,71,n003050,Germaine_Greer,071_n003050_Germaine_Greer,dataset/clean/test/071_n003050_Germaine_Greer/0000.jpg,dataset/attacks/error_generic/fgsm/eps_0_150/071_n003050_Germaine_Greer/0000_adv.png,0.15,0.116297
fgsm,0.15,False,-1,-1,71,n003050,Germaine_Greer,071_n003050_Germaine_Greer,dataset/clean/test/071_n003050_Germaine_Greer/0001.jpg,dataset/attacks/error_generic/fgsm/eps_0_150/071_n003050_Germaine_Greer/0001_adv.png,0.15,0.139002
fgsm,0.15,False,-1,-1,71,n003050,Germaine_Greer,071_n003050_Germaine_Greer,dataset/clean/test/071_n003050_Germaine_Greer/0002.jpg,dataset/attacks/error_generic/fgsm/eps_0_150/071_n003050_Germaine_Greer/0002_adv.png,0.15,0.139615
fgsm,0.15,False,-1,-1,71,n003050,Germaine_Greer,071_n003050_Germaine_Greer,dataset/clean/test/071_n003050_Germaine_Greer/0003.jpg,dataset/attacks/error_generic/fgsm/eps_0_150/071_n003050_Germaine_Greer/0003_adv.png,0.15,0.142498
fgsm,0.15,False,-1,-1,71,n003050,Germaine_Greer,071_n003050_Germaine_Greer,dataset/clean/test/071_n003050_Germaine_Greer/0004.jpg,dataset/attacks/error_generic/fgsm/eps_0_150/071_n003050_Germaine_Greer/0004_adv.png,0.15,0.130338
fgsm,0.15,False,-1,-1,71,n003050,Germaine_Greer,071_n003050_Germaine_Greer,dataset/clean/test/071_n003050_Germaine_Greer/0005.jpg,dataset/attacks/error_generic/fgsm/eps_0_150/071_n003050_Germaine_Greer/0005_adv.png,0.15,0.138172
fgsm,0.15,False,-1,-1,71,n003050,Germaine_Greer,071_n003050_Germaine_Greer,dataset/clean/test/071_n003050_Germaine_Greer/0006.jpg,dataset/attacks/error_generic/fgsm/eps_0_150/071_n003050_Germaine_Greer/0006_adv.png,0.15,0.134909
fgsm,0.15,False,-1,-1,71,n003050,Germaine_Greer,071_n003050_Germaine_Greer,dataset/clean/test/071_n003050_Germaine_Greer/0007.jpg,dataset/attacks/error_generic/fgsm/eps_0_150/071_n003050_Germaine_Greer/0007_adv.png,0.15,0.134844
fgsm,0.15,False,-1,-1,71,n003050,Germaine_Greer,071_n003050_Germaine_Greer,dataset/clean/test/071_n003050_Germaine_Greer/0008.jpg,dataset/attacks/error_generic/fgsm/eps_0_150/071_n003050_Germaine_Greer/0008_adv.png,0.15,0.125169
fgsm,0.15,False,-1,-1,71,n003050,Germaine_Greer,071_n003050_Germaine_Greer,dataset/clean/test/071_n003050_Germaine_Greer/0009.jpg,dataset/attacks/error_generic/fgsm/eps_0_150/071_n003050_Germaine_Greer/0009_adv.png,0.15,0.13826
fgsm,0.15,False,-1,-1,72,n005111,Lenny_Hayes,072_n005111_Lenny_Hayes,dataset/clean/test/072_n005111_Lenny_Hayes/0000.jpg,dataset/attacks/error_generic/fgsm/eps_0_150/072_n005111_Lenny_Hayes/0000_adv.png,0.15,0.134912
fgsm,0.15,False,-1,-1,72,n005111,Lenny_Hayes,072_n005111_Lenny_Hayes,dataset/clean/test/072_n005111_Lenny_Hayes/0001.jpg,dataset/attacks/error_generic/fgsm/eps_0_150/072_n005111_Lenny_Hayes/0001_adv.png,0.15,0.129477
fgsm,0.15,False,-1,-1,72,n005111,Lenny_Hayes,072_n005111_Lenny_Hayes,dataset/clean/test/072_n005111_Lenny_Hayes/0002.jpg,dataset/attacks/error_generic/fgsm/eps_0_150/072_n005111_Lenny_Hayes/0002_adv.png,0.15,0.128613
fgsm,0.15,False,-1,-1,72,n005111,Lenny_Hayes,072_n005111_Lenny_Hayes,dataset/clean/test/072_n005111_Lenny_Hayes/0003.jpg,dataset/attacks/error_generic/fgsm/eps_0_150/072_n005111_Lenny_Hayes/0003_adv.png,0.15,0.127777
fgsm,0.15,False,-1,-1,72,n005111,Lenny_Hayes,072_n005111_Lenny_Hayes,dataset/clean/test/072_n005111_Lenny_Hayes/0004.jpg,dataset/attacks/error_generic/fgsm/eps_0_150/072_n005111_Lenny_Hayes/0004_adv.png,0.15,0.123869
fgsm,0.15,False,-1,-1,72,n005111,Lenny_Hayes,072_n005111_Lenny_Hayes,dataset/clean/test/072_n005111_Lenny_Hayes/0005.jpg,dataset/attacks/error_generic/fgsm/eps_0_150/072_n005111_Lenny_Hayes/0005_adv.png,0.15,0.129539
fgsm,0.15,False,-1,-1,72,n005111,Lenny_Hayes,072_n005111_Lenny_Hayes,dataset/clean/test/072_n005111_Lenny_Hayes/0006.jpg,dataset/attacks/error_generic/fgsm/eps_0_150/072_n005111_Lenny_Hayes/0006_adv.png,0.15,0.140587
fgsm,0.15,False,-1,-1,72,n005111,Lenny_Hayes,072_n005111_Lenny_Hayes,dataset/clean/test/072_n005111_Lenny_Hayes/0007.jpg,dataset/attacks/error_generic/fgsm/eps_0_150/072_n005111_Lenny_Hayes/0007_adv.png,0.15,0.12883
fgsm,0.15,False,-1,-1,72,n005111,Lenny_Hayes,072_n005111_Lenny_Hayes,dataset/clean/test/072_n005111_Lenny_Hayes/0008.jpg,dataset/attacks/error_generic/fgsm/eps_0_150/072_n005111_Lenny_Hayes/0008_adv.png,0.15,0.130544
fgsm,0.15,False,-1,-1,72,n005111,Lenny_Hayes,072_n005111_Lenny_Hayes,dataset/clean/test/072_n005111_Lenny_Hayes/0009.jpg,dataset/attacks/error_generic/fgsm/eps_0_150/072_n005111_Lenny_Hayes/0009_adv.png,0.15,0.133205
fgsm,0.15,False,-1,-1,73,n003790,Jamie_Soward,073_n003790_Jamie_Soward,dataset/clean/test/073_n003790_Jamie_Soward/0000.jpg,dataset/attacks/error_generic/fgsm/eps_0_150/073_n003790_Jamie_Soward/0000_adv.png,0.15,0.132836
fgsm,0.15,False,-1,-1,73,n003790,Jamie_Soward,073_n003790_Jamie_Soward,dataset/clean/test/073_n003790_Jamie_Soward/0001.jpg,dataset/attacks/error_generic/fgsm/eps_0_150/073_n003790_Jamie_Soward/0001_adv.png,0.15,0.129043
fgsm,0.15,False,-1,-1,73,n003790,Jamie_Soward,073_n003790_Jamie_Soward,dataset/clean/test/073_n003790_Jamie_Soward/0002.jpg,dataset/attacks/error_generic/fgsm/eps_0_150/073_n003790_Jamie_Soward/0002_adv.png,0.15,0.131384
fgsm,0.15,False,-1,-1,73,n003790,Jamie_Soward,073_n003790_Jamie_Soward,dataset/clean/test/073_n003790_Jamie_Soward/0003.jpg,dataset/attacks/error_generic/fgsm/eps_0_150/073_n003790_Jamie_Soward/0003_adv.png,0.15,0.137494
fgsm,0.15,False,-1,-1,73,n003790,Jamie_Soward,073_n003790_Jamie_Soward,dataset/clean/test/073_n003790_Jamie_Soward/0004.jpg,dataset/attacks/error_generic/fgsm/eps_0_150/073_n003790_Jamie_Soward/0004_adv.png,0.15,0.111309
fgsm,0.15,False,-1,-1,73,n003790,Jamie_Soward,073_n003790_Jamie_Soward,dataset/clean/test/073_n003790_Jamie_Soward/0005.jpg,dataset/attacks/error_generic/fgsm/eps_0_150/073_n003790_Jamie_Soward/0005_adv.png,0.15,0.11445
fgsm,0.15,False,-1,-1,73,n003790,Jamie_Soward,073_n003790_Jamie_Soward,dataset/clean/test/073_n003790_Jamie_Soward/0006.jpg,dataset/attacks/error_generic/fgsm/eps_0_150/073_n003790_Jamie_Soward/0006_adv.png,0.15,0.129922
fgsm,0.15,False,-1,-1,73,n003790,Jamie_Soward,073_n003790_Jamie_Soward,dataset/clean/test/073_n003790_Jamie_Soward/0007.jpg,dataset/attacks/error_generic/fgsm/eps_0_150/073_n003790_Jamie_Soward/0007_adv.png,0.15,0.135036
fgsm,0.15,False,-1,-1,73,n003790,Jamie_Soward,073_n003790_Jamie_Soward,dataset/clean/test/073_n003790_Jamie_Soward/0008.jpg,dataset/attacks/error_generic/fgsm/eps_0_150/073_n003790_Jamie_Soward/0008_adv.png,0.15,0.139225
fgsm,0.15,False,-1,-1,73,n003790,Jamie_Soward,073_n003790_Jamie_Soward,dataset/clean/test/073_n003790_Jamie_Soward/0009.jpg,dataset/attacks/error_generic/fgsm/eps_0_150/073_n003790_Jamie_Soward/0009_adv.png,0.15,0.131805
fgsm,0.15,False,-1,-1,74,n000049,Adam_Darski,074_n000049_Adam_Darski,dataset/clean/test/074_n000049_Adam_Darski/0000.jpg,dataset/attacks/error_generic/fgsm/eps_0_150/074_n000049_Adam_Darski/0000_adv.png,0.15,0.139595
fgsm,0.15,False,-1,-1,74,n000049,Adam_Darski,074_n000049_Adam_Darski,dataset/clean/test/074_n000049_Adam_Darski/0001.jpg,dataset/attacks/error_generic/fgsm/eps_0_150/074_n000049_Adam_Darski/0001_adv.png,0.15,0.134357
fgsm,0.15,False,-1,-1,74,n000049,Adam_Darski,074_n000049_Adam_Darski,dataset/clean/test/074_n000049_Adam_Darski/0002.jpg,dataset/attacks/error_generic/fgsm/eps_0_150/074_n000049_Adam_Darski/0002_adv.png,0.15,0.133425
fgsm,0.15,False,-1,-1,74,n000049,Adam_Darski,074_n000049_Adam_Darski,dataset/clean/test/074_n000049_Adam_Darski/0003.jpg,dataset/attacks/error_generic/fgsm/eps_0_150/074_n000049_Adam_Darski/0003_adv.png,0.15,0.139236
fgsm,0.15,False,-1,-1,74,n000049,Adam_Darski,074_n000049_Adam_Darski,dataset/clean/test/074_n000049_Adam_Darski/0004.jpg,dataset/attacks/error_generic/fgsm/eps_0_150/074_n000049_Adam_Darski/0004_adv.png,0.15,0.133184
fgsm,0.15,False,-1,-1,74,n000049,Adam_Darski,074_n000049_Adam_Darski,dataset/clean/test/074_n000049_Adam_Darski/0005.jpg,dataset/attacks/error_generic/fgsm/eps_0_150/074_n000049_Adam_Darski/0005_adv.png,0.15,0.136758
fgsm,0.15,False,-1,-1,74,n000049,Adam_Darski,074_n000049_Adam_Darski,dataset/clean/test/074_n000049_Adam_Darski/0006.jpg,dataset/attacks/error_generic/fgsm/eps_0_150/074_n000049_Adam_Darski/0006_adv.png,0.15,0.127101
fgsm,0.15,False,-1,-1,74,n000049,Adam_Darski,074_n000049_Adam_Darski,dataset/clean/test/074_n000049_Adam_Darski/0007.jpg,dataset/attacks/error_generic/fgsm/eps_0_150/074_n000049_Adam_Darski/0007_adv.png,0.15,0.138186
fgsm,0.15,False,-1,-1,74,n000049,Adam_Darski,074_n000049_Adam_Darski,dataset/clean/test/074_n000049_Adam_Darski/0008.jpg,dataset/attacks/error_generic/fgsm/eps_0_150/074_n000049_Adam_Darski/0008_adv.png,0.15,0.137723
fgsm,0.15,False,-1,-1,74,n000049,Adam_Darski,074_n000049_Adam_Darski,dataset/clean/test/074_n000049_Adam_Darski/0009.jpg,dataset/attacks/error_generic/fgsm/eps_0_150/074_n000049_Adam_Darski/0009_adv.png,0.15,0.134932
fgsm,0.15,False,-1,-1,75,n005738,Martin_Schulz,075_n005738_Martin_Schulz,dataset/clean/test/075_n005738_Martin_Schulz/0000.jpg,dataset/attacks/error_generic/fgsm/eps_0_150/075_n005738_Martin_Schulz/0000_adv.png,0.15,0.137707
fgsm,0.15,False,-1,-1,75,n005738,Martin_Schulz,075_n005738_Martin_Schulz,dataset/clean/test/075_n005738_Martin_Schulz/0001.jpg,dataset/attacks/error_generic/fgsm/eps_0_150/075_n005738_Martin_Schulz/0001_adv.png,0.15,0.135629
fgsm,0.15,False,-1,-1,75,n005738,Martin_Schulz,075_n005738_Martin_Schulz,dataset/clean/test/075_n005738_Martin_Schulz/0002.jpg,dataset/attacks/error_generic/fgsm/eps_0_150/075_n005738_Martin_Schulz/0002_adv.png,0.15,0.142957
fgsm,0.15,False,-1,-1,75,n005738,Martin_Schulz,075_n005738_Martin_Schulz,dataset/clean/test/075_n005738_Martin_Schulz/0003.jpg,dataset/attacks/error_generic/fgsm/eps_0_150/075_n005738_Martin_Schulz/0003_adv.png,0.15,0.140761
fgsm,0.15,False,-1,-1,75,n005738,Martin_Schulz,075_n005738_Martin_Schulz,dataset/clean/test/075_n005738_Martin_Schulz/0004.jpg,dataset/attacks/error_generic/fgsm/eps_0_150/075_n005738_Martin_Schulz/0004_adv.png,0.15,0.138454
fgsm,0.15,False,-1,-1,75,n005738,Martin_Schulz,075_n005738_Martin_Schulz,dataset/clean/test/075_n005738_Martin_Schulz/0005.jpg,dataset/attacks/error_generic/fgsm/eps_0_150/075_n005738_Martin_Schulz/0005_adv.png,0.15,0.127987
fgsm,0.15,False,-1,-1,75,n005738,Martin_Schulz,075_n005738_Martin_Schulz,dataset/clean/test/075_n005738_Martin_Schulz/0006.jpg,dataset/attacks/error_generic/fgsm/eps_0_150/075_n005738_Martin_Schulz/0006_adv.png,0.15,0.141009
fgsm,0.15,False,-1,-1,75,n005738,Martin_Schulz,075_n005738_Martin_Schulz,dataset/clean/test/075_n005738_Martin_Schulz/0007.jpg,dataset/attacks/error_generic/fgsm/eps_0_150/075_n005738_Martin_Schulz/0007_adv.png,0.15,0.138233
fgsm,0.15,False,-1,-1,75,n005738,Martin_Schulz,075_n005738_Martin_Schulz,dataset/clean/test/075_n005738_Martin_Schulz/0008.jpg,dataset/attacks/error_generic/fgsm/eps_0_150/075_n005738_Martin_Schulz/0008_adv.png,0.15,0.142077
fgsm,0.15,False,-1,-1,75,n005738,Martin_Schulz,075_n005738_Martin_Schulz,dataset/clean/test/075_n005738_Martin_Schulz/0009.jpg,dataset/attacks/error_generic/fgsm/eps_0_150/075_n005738_Martin_Schulz/0009_adv.png,0.15,0.140265
fgsm,0.15,False,-1,-1,76,n005466,Mamta_Kulkarni,076_n005466_Mamta_Kulkarni,dataset/clean/test/076_n005466_Mamta_Kulkarni/0000.jpg,dataset/attacks/error_generic/fgsm/eps_0_150/076_n005466_Mamta_Kulkarni/0000_adv.png,0.15,0.121422
fgsm,0.15,False,-1,-1,76,n005466,Mamta_Kulkarni,076_n005466_Mamta_Kulkarni,dataset/clean/test/076_n005466_Mamta_Kulkarni/0001.jpg,dataset/attacks/error_generic/fgsm/eps_0_150/076_n005466_Mamta_Kulkarni/0001_adv.png,0.15,0.112385
fgsm,0.15,False,-1,-1,76,n005466,Mamta_Kulkarni,076_n005466_Mamta_Kulkarni,dataset/clean/test/076_n005466_Mamta_Kulkarni/0002.jpg,dataset/attacks/error_generic/fgsm/eps_0_150/076_n005466_Mamta_Kulkarni/0002_adv.png,0.15,0.131944
fgsm,0.15,False,-1,-1,76,n005466,Mamta_Kulkarni,076_n005466_Mamta_Kulkarni,dataset/clean/test/076_n005466_Mamta_Kulkarni/0003.jpg,dataset/attacks/error_generic/fgsm/eps_0_150/076_n005466_Mamta_Kulkarni/0003_adv.png,0.15,0.114263
fgsm,0.15,False,-1,-1,76,n005466,Mamta_Kulkarni,076_n005466_Mamta_Kulkarni,dataset/clean/test/076_n005466_Mamta_Kulkarni/0004.jpg,dataset/attacks/error_generic/fgsm/eps_0_150/076_n005466_Mamta_Kulkarni/0004_adv.png,0.15,0.130463
fgsm,0.15,False,-1,-1,76,n005466,Mamta_Kulkarni,076_n005466_Mamta_Kulkarni,dataset/clean/test/076_n005466_Mamta_Kulkarni/0005.jpg,dataset/attacks/error_generic/fgsm/eps_0_150/076_n005466_Mamta_Kulkarni/0005_adv.png,0.15,0.123297
fgsm,0.15,False,-1,-1,76,n005466,Mamta_Kulkarni,076_n005466_Mamta_Kulkarni,dataset/clean/test/076_n005466_Mamta_Kulkarni/0006.jpg,dataset/attacks/error_generic/fgsm/eps_0_150/076_n005466_Mamta_Kulkarni/0006_adv.png,0.15,0.108424
fgsm,0.15,False,-1,-1,76,n005466,Mamta_Kulkarni,076_n005466_Mamta_Kulkarni,dataset/clean/test/076_n005466_Mamta_Kulkarni/0007.jpg,dataset/attacks/error_generic/fgsm/eps_0_150/076_n005466_Mamta_Kulkarni/0007_adv.png,0.15,0.139392
fgsm,0.15,False,-1,-1,76,n005466,Mamta_Kulkarni,076_n005466_Mamta_Kulkarni,dataset/clean/test/076_n005466_Mamta_Kulkarni/0008.jpg,dataset/attacks/error_generic/fgsm/eps_0_150/076_n005466_Mamta_Kulkarni/0008_adv.png,0.15,0.121161
fgsm,0.15,False,-1,-1,76,n005466,Mamta_Kulkarni,076_n005466_Mamta_Kulkarni,dataset/clean/test/076_n005466_Mamta_Kulkarni/0009.jpg,dataset/attacks/error_generic/fgsm/eps_0_150/076_n005466_Mamta_Kulkarni/0009_adv.png,0.15,0.143744
fgsm,0.15,False,-1,-1,77,n003977,Jennifer_Hawkins,077_n003977_Jennifer_Hawkins,dataset/clean/test/077_n003977_Jennifer_Hawkins/0000.jpg,dataset/attacks/error_generic/fgsm/eps_0_150/077_n003977_Jennifer_Hawkins/0000_adv.png,0.15,0.135797
fgsm,0.15,False,-1,-1,77,n003977,Jennifer_Hawkins,077_n003977_Jennifer_Hawkins,dataset/clean/test/077_n003977_Jennifer_Hawkins/0001.jpg,dataset/attacks/error_generic/fgsm/eps_0_150/077_n003977_Jennifer_Hawkins/0001_adv.png,0.15,0.142708
fgsm,0.15,False,-1,-1,77,n003977,Jennifer_Hawkins,077_n003977_Jennifer_Hawkins,dataset/clean/test/077_n003977_Jennifer_Hawkins/0002.jpg,dataset/attacks/error_generic/fgsm/eps_0_150/077_n003977_Jennifer_Hawkins/0002_adv.png,0.15,0.139009
fgsm,0.15,False,-1,-1,77,n003977,Jennifer_Hawkins,077_n003977_Jennifer_Hawkins,dataset/clean/test/077_n003977_Jennifer_Hawkins/0003.jpg,dataset/attacks/error_generic/fgsm/eps_0_150/077_n003977_Jennifer_Hawkins/0003_adv.png,0.15,0.140996
fgsm,0.15,False,-1,-1,77,n003977,Jennifer_Hawkins,077_n003977_Jennifer_Hawkins,dataset/clean/test/077_n003977_Jennifer_Hawkins/0004.jpg,dataset/attacks/error_generic/fgsm/eps_0_150/077_n003977_Jennifer_Hawkins/0004_adv.png,0.15,0.143338
fgsm,0.15,False,-1,-1,77,n003977,Jennifer_Hawkins,077_n003977_Jennifer_Hawkins,dataset/clean/test/077_n003977_Jennifer_Hawkins/0005.jpg,dataset/attacks/error_generic/fgsm/eps_0_150/077_n003977_Jennifer_Hawkins/0005_adv.png,0.15,0.142511
fgsm,0.15,False,-1,-1,77,n003977,Jennifer_Hawkins,077_n003977_Jennifer_Hawkins,dataset/clean/test/077_n003977_Jennifer_Hawkins/0006.jpg,dataset/attacks/error_generic/fgsm/eps_0_150/077_n003977_Jennifer_Hawkins/0006_adv.png,0.15,0.138633
fgsm,0.15,False,-1,-1,77,n003977,Jennifer_Hawkins,077_n003977_Jennifer_Hawkins,dataset/clean/test/077_n003977_Jennifer_Hawkins/0007.jpg,dataset/attacks/error_generic/fgsm/eps_0_150/077_n003977_Jennifer_Hawkins/0007_adv.png,0.15,0.13611
fgsm,0.15,False,-1,-1,77,n003977,Jennifer_Hawkins,077_n003977_Jennifer_Hawkins,dataset/clean/test/077_n003977_Jennifer_Hawkins/0008.jpg,dataset/attacks/error_generic/fgsm/eps_0_150/077_n003977_Jennifer_Hawkins/0008_adv.png,0.15,0.135858
fgsm,0.15,False,-1,-1,77,n003977,Jennifer_Hawkins,077_n003977_Jennifer_Hawkins,dataset/clean/test/077_n003977_Jennifer_Hawkins/0009.jpg,dataset/attacks/error_generic/fgsm/eps_0_150/077_n003977_Jennifer_Hawkins/0009_adv.png,0.15,0.138323
fgsm,0.15,False,-1,-1,78,n005152,Leymah_Gbowee,078_n005152_Leymah_Gbowee,dataset/clean/test/078_n005152_Leymah_Gbowee/0000.jpg,dataset/attacks/error_generic/fgsm/eps_0_150/078_n005152_Leymah_Gbowee/0000_adv.png,0.15,0.110164
fgsm,0.15,False,-1,-1,78,n005152,Leymah_Gbowee,078_n005152_Leymah_Gbowee,dataset/clean/test/078_n005152_Leymah_Gbowee/0001.jpg,dataset/attacks/error_generic/fgsm/eps_0_150/078_n005152_Leymah_Gbowee/0001_adv.png,0.15,0.141231
fgsm,0.15,False,-1,-1,78,n005152,Leymah_Gbowee,078_n005152_Leymah_Gbowee,dataset/clean/test/078_n005152_Leymah_Gbowee/0002.jpg,dataset/attacks/error_generic/fgsm/eps_0_150/078_n005152_Leymah_Gbowee/0002_adv.png,0.15,0.119496
fgsm,0.15,False,-1,-1,78,n005152,Leymah_Gbowee,078_n005152_Leymah_Gbowee,dataset/clean/test/078_n005152_Leymah_Gbowee/0003.jpg,dataset/attacks/error_generic/fgsm/eps_0_150/078_n005152_Leymah_Gbowee/0003_adv.png,0.15,0.137927
fgsm,0.15,False,-1,-1,78,n005152,Leymah_Gbowee,078_n005152_Leymah_Gbowee,dataset/clean/test/078_n005152_Leymah_Gbowee/0004.jpg,dataset/attacks/error_generic/fgsm/eps_0_150/078_n005152_Leymah_Gbowee/0004_adv.png,0.15,0.125464
fgsm,0.15,False,-1,-1,78,n005152,Leymah_Gbowee,078_n005152_Leymah_Gbowee,dataset/clean/test/078_n005152_Leymah_Gbowee/0005.jpg,dataset/attacks/error_generic/fgsm/eps_0_150/078_n005152_Leymah_Gbowee/0005_adv.png,0.15,0.126789
fgsm,0.15,False,-1,-1,78,n005152,Leymah_Gbowee,078_n005152_Leymah_Gbowee,dataset/clean/test/078_n005152_Leymah_Gbowee/0006.jpg,dataset/attacks/error_generic/fgsm/eps_0_150/078_n005152_Leymah_Gbowee/0006_adv.png,0.15,0.095706
fgsm,0.15,False,-1,-1,78,n005152,Leymah_Gbowee,078_n005152_Leymah_Gbowee,dataset/clean/test/078_n005152_Leymah_Gbowee/0007.jpg,dataset/attacks/error_generic/fgsm/eps_0_150/078_n005152_Leymah_Gbowee/0007_adv.png,0.15,0.140773
fgsm,0.15,False,-1,-1,78,n005152,Leymah_Gbowee,078_n005152_Leymah_Gbowee,dataset/clean/test/078_n005152_Leymah_Gbowee/0008.jpg,dataset/attacks/error_generic/fgsm/eps_0_150/078_n005152_Leymah_Gbowee/0008_adv.png,0.15,0.129357
fgsm,0.15,False,-1,-1,78,n005152,Leymah_Gbowee,078_n005152_Leymah_Gbowee,dataset/clean/test/078_n005152_Leymah_Gbowee/0009.jpg,dataset/attacks/error_generic/fgsm/eps_0_150/078_n005152_Leymah_Gbowee/0009_adv.png,0.15,0.129498
fgsm,0.15,False,-1,-1,79,n006578,Nino_Frassica,079_n006578_Nino_Frassica,dataset/clean/test/079_n006578_Nino_Frassica/0000.jpg,dataset/attacks/error_generic/fgsm/eps_0_150/079_n006578_Nino_Frassica/0000_adv.png,0.15,0.127716
fgsm,0.15,False,-1,-1,79,n006578,Nino_Frassica,079_n006578_Nino_Frassica,dataset/clean/test/079_n006578_Nino_Frassica/0001.jpg,dataset/attacks/error_generic/fgsm/eps_0_150/079_n006578_Nino_Frassica/0001_adv.png,0.15,0.12138
fgsm,0.15,False,-1,-1,79,n006578,Nino_Frassica,079_n006578_Nino_Frassica,dataset/clean/test/079_n006578_Nino_Frassica/0002.jpg,dataset/attacks/error_generic/fgsm/eps_0_150/079_n006578_Nino_Frassica/0002_adv.png,0.15,0.12767
fgsm,0.15,False,-1,-1,79,n006578,Nino_Frassica,079_n006578_Nino_Frassica,dataset/clean/test/079_n006578_Nino_Frassica/0003.jpg,dataset/attacks/error_generic/fgsm/eps_0_150/079_n006578_Nino_Frassica/0003_adv.png,0.15,0.14281
fgsm,0.15,False,-1,-1,79,n006578,Nino_Frassica,079_n006578_Nino_Frassica,dataset/clean/test/079_n006578_Nino_Frassica/0004.jpg,dataset/attacks/error_generic/fgsm/eps_0_150/079_n006578_Nino_Frassica/0004_adv.png,0.15,0.122025
fgsm,0.15,False,-1,-1,79,n006578,Nino_Frassica,079_n006578_Nino_Frassica,dataset/clean/test/079_n006578_Nino_Frassica/0005.jpg,dataset/attacks/error_generic/fgsm/eps_0_150/079_n006578_Nino_Frassica/0005_adv.png,0.15,0.131492
fgsm,0.15,False,-1,-1,79,n006578,Nino_Frassica,079_n006578_Nino_Frassica,dataset/clean/test/079_n006578_Nino_Frassica/0006.jpg,dataset/attacks/error_generic/fgsm/eps_0_150/079_n006578_Nino_Frassica/0006_adv.png,0.15,0.123905
fgsm,0.15,False,-1,-1,79,n006578,Nino_Frassica,079_n006578_Nino_Frassica,dataset/clean/test/079_n006578_Nino_Frassica/0007.jpg,dataset/attacks/error_generic/fgsm/eps_0_150/079_n006578_Nino_Frassica/0007_adv.png,0.15,0.138629
fgsm,0.15,False,-1,-1,79,n006578,Nino_Frassica,079_n006578_Nino_Frassica,dataset/clean/test/079_n006578_Nino_Frassica/0008.jpg,dataset/attacks/error_generic/fgsm/eps_0_150/079_n006578_Nino_Frassica/0008_adv.png,0.15,0.133788
fgsm,0.15,False,-1,-1,79,n006578,Nino_Frassica,079_n006578_Nino_Frassica,dataset/clean/test/079_n006578_Nino_Frassica/0009.jpg,dataset/attacks/error_generic/fgsm/eps_0_150/079_n006578_Nino_Frassica/0009_adv.png,0.15,0.12624
fgsm,0.15,False,-1,-1,80,n009163,Zaza_Pachulia,080_n009163_Zaza_Pachulia,dataset/clean/test/080_n009163_Zaza_Pachulia/0000.jpg,dataset/attacks/error_generic/fgsm/eps_0_150/080_n009163_Zaza_Pachulia/0000_adv.png,0.15,0.136396
fgsm,0.15,False,-1,-1,80,n009163,Zaza_Pachulia,080_n009163_Zaza_Pachulia,dataset/clean/test/080_n009163_Zaza_Pachulia/0001.jpg,dataset/attacks/error_generic/fgsm/eps_0_150/080_n009163_Zaza_Pachulia/0001_adv.png,0.15,0.134294
fgsm,0.15,False,-1,-1,80,n009163,Zaza_Pachulia,080_n009163_Zaza_Pachulia,dataset/clean/test/080_n009163_Zaza_Pachulia/0002.jpg,dataset/attacks/error_generic/fgsm/eps_0_150/080_n009163_Zaza_Pachulia/0002_adv.png,0.15,0.136905
fgsm,0.15,False,-1,-1,80,n009163,Zaza_Pachulia,080_n009163_Zaza_Pachulia,dataset/clean/test/080_n009163_Zaza_Pachulia/0003.jpg,dataset/attacks/error_generic/fgsm/eps_0_150/080_n009163_Zaza_Pachulia/0003_adv.png,0.15,0.129661
fgsm,0.15,False,-1,-1,80,n009163,Zaza_Pachulia,080_n009163_Zaza_Pachulia,dataset/clean/test/080_n009163_Zaza_Pachulia/0004.jpg,dataset/attacks/error_generic/fgsm/eps_0_150/080_n009163_Zaza_Pachulia/0004_adv.png,0.15,0.137851
fgsm,0.15,False,-1,-1,80,n009163,Zaza_Pachulia,080_n009163_Zaza_Pachulia,dataset/clean/test/080_n009163_Zaza_Pachulia/0005.jpg,dataset/attacks/error_generic/fgsm/eps_0_150/080_n009163_Zaza_Pachulia/0005_adv.png,0.15,0.138947
fgsm,0.15,False,-1,-1,80,n009163,Zaza_Pachulia,080_n009163_Zaza_Pachulia,dataset/clean/test/080_n009163_Zaza_Pachulia/0006.jpg,dataset/attacks/error_generic/fgsm/eps_0_150/080_n009163_Zaza_Pachulia/0006_adv.png,0.15,0.139506
fgsm,0.15,False,-1,-1,80,n009163,Zaza_Pachulia,080_n009163_Zaza_Pachulia,dataset/clean/test/080_n009163_Zaza_Pachulia/0007.jpg,dataset/attacks/error_generic/fgsm/eps_0_150/080_n009163_Zaza_Pachulia/0007_adv.png,0.15,0.13767
fgsm,0.15,False,-1,-1,80,n009163,Zaza_Pachulia,080_n009163_Zaza_Pachulia,dataset/clean/test/080_n009163_Zaza_Pachulia/0008.jpg,dataset/attacks/error_generic/fgsm/eps_0_150/080_n009163_Zaza_Pachulia/0008_adv.png,0.15,0.137368
fgsm,0.15,False,-1,-1,80,n009163,Zaza_Pachulia,080_n009163_Zaza_Pachulia,dataset/clean/test/080_n009163_Zaza_Pachulia/0009.jpg,dataset/attacks/error_generic/fgsm/eps_0_150/080_n009163_Zaza_Pachulia/0009_adv.png,0.15,0.138999
fgsm,0.15,False,-1,-1,81,n005731,Martin_Harnik,081_n005731_Martin_Harnik,dataset/clean/test/081_n005731_Martin_Harnik/0000.jpg,dataset/attacks/error_generic/fgsm/eps_0_150/081_n005731_Martin_Harnik/0000_adv.png,0.15,0.131865
fgsm,0.15,False,-1,-1,81,n005731,Martin_Harnik,081_n005731_Martin_Harnik,dataset/clean/test/081_n005731_Martin_Harnik/0001.jpg,dataset/attacks/error_generic/fgsm/eps_0_150/081_n005731_Martin_Harnik/0001_adv.png,0.15,0.13687
fgsm,0.15,False,-1,-1,81,n005731,Martin_Harnik,081_n005731_Martin_Harnik,dataset/clean/test/081_n005731_Martin_Harnik/0002.jpg,dataset/attacks/error_generic/fgsm/eps_0_150/081_n005731_Martin_Harnik/0002_adv.png,0.15,0.129438
fgsm,0.15,False,-1,-1,81,n005731,Martin_Harnik,081_n005731_Martin_Harnik,dataset/clean/test/081_n005731_Martin_Harnik/0003.jpg,dataset/attacks/error_generic/fgsm/eps_0_150/081_n005731_Martin_Harnik/0003_adv.png,0.15,0.138309
fgsm,0.15,False,-1,-1,81,n005731,Martin_Harnik,081_n005731_Martin_Harnik,dataset/clean/test/081_n005731_Martin_Harnik/0004.jpg,dataset/attacks/error_generic/fgsm/eps_0_150/081_n005731_Martin_Harnik/0004_adv.png,0.15,0.132981
fgsm,0.15,False,-1,-1,81,n005731,Martin_Harnik,081_n005731_Martin_Harnik,dataset/clean/test/081_n005731_Martin_Harnik/0005.jpg,dataset/attacks/error_generic/fgsm/eps_0_150/081_n005731_Martin_Harnik/0005_adv.png,0.15,0.139819
fgsm,0.15,False,-1,-1,81,n005731,Martin_Harnik,081_n005731_Martin_Harnik,dataset/clean/test/081_n005731_Martin_Harnik/0006.jpg,dataset/attacks/error_generic/fgsm/eps_0_150/081_n005731_Martin_Harnik/0006_adv.png,0.15,0.138684
fgsm,0.15,False,-1,-1,81,n005731,Martin_Harnik,081_n005731_Martin_Harnik,dataset/clean/test/081_n005731_Martin_Harnik/0007.jpg,dataset/attacks/error_generic/fgsm/eps_0_150/081_n005731_Martin_Harnik/0007_adv.png,0.15,0.140359
fgsm,0.15,False,-1,-1,81,n005731,Martin_Harnik,081_n005731_Martin_Harnik,dataset/clean/test/081_n005731_Martin_Harnik/0008.jpg,dataset/attacks/error_generic/fgsm/eps_0_150/081_n005731_Martin_Harnik/0008_adv.png,0.15,0.139062
fgsm,0.15,False,-1,-1,81,n005731,Martin_Harnik,081_n005731_Martin_Harnik,dataset/clean/test/081_n005731_Martin_Harnik/0009.jpg,dataset/attacks/error_generic/fgsm/eps_0_150/081_n005731_Martin_Harnik/0009_adv.png,0.15,0.13322
fgsm,0.15,False,-1,-1,82,n005064,Lee_Chung-yong,082_n005064_Lee_Chung-yong,dataset/clean/test/082_n005064_Lee_Chung-yong/0000.jpg,dataset/attacks/error_generic/fgsm/eps_0_150/082_n005064_Lee_Chung-yong/0000_adv.png,0.15,0.133083
fgsm,0.15,False,-1,-1,82,n005064,Lee_Chung-yong,082_n005064_Lee_Chung-yong,dataset/clean/test/082_n005064_Lee_Chung-yong/0001.jpg,dataset/attacks/error_generic/fgsm/eps_0_150/082_n005064_Lee_Chung-yong/0001_adv.png,0.15,0.137594
fgsm,0.15,False,-1,-1,82,n005064,Lee_Chung-yong,082_n005064_Lee_Chung-yong,dataset/clean/test/082_n005064_Lee_Chung-yong/0002.jpg,dataset/attacks/error_generic/fgsm/eps_0_150/082_n005064_Lee_Chung-yong/0002_adv.png,0.15,0.138391
fgsm,0.15,False,-1,-1,82,n005064,Lee_Chung-yong,082_n005064_Lee_Chung-yong,dataset/clean/test/082_n005064_Lee_Chung-yong/0003.jpg,dataset/attacks/error_generic/fgsm/eps_0_150/082_n005064_Lee_Chung-yong/0003_adv.png,0.15,0.136371
fgsm,0.15,False,-1,-1,82,n005064,Lee_Chung-yong,082_n005064_Lee_Chung-yong,dataset/clean/test/082_n005064_Lee_Chung-yong/0004.jpg,dataset/attacks/error_generic/fgsm/eps_0_150/082_n005064_Lee_Chung-yong/0004_adv.png,0.15,0.135442
fgsm,0.15,False,-1,-1,82,n005064,Lee_Chung-yong,082_n005064_Lee_Chung-yong,dataset/clean/test/082_n005064_Lee_Chung-yong/0005.jpg,dataset/attacks/error_generic/fgsm/eps_0_150/082_n005064_Lee_Chung-yong/0005_adv.png,0.15,0.128105
fgsm,0.15,False,-1,-1,82,n005064,Lee_Chung-yong,082_n005064_Lee_Chung-yong,dataset/clean/test/082_n005064_Lee_Chung-yong/0006.jpg,dataset/attacks/error_generic/fgsm/eps_0_150/082_n005064_Lee_Chung-yong/0006_adv.png,0.15,0.125606
fgsm,0.15,False,-1,-1,82,n005064,Lee_Chung-yong,082_n005064_Lee_Chung-yong,dataset/clean/test/082_n005064_Lee_Chung-yong/0007.jpg,dataset/attacks/error_generic/fgsm/eps_0_150/082_n005064_Lee_Chung-yong/0007_adv.png,0.15,0.133321
fgsm,0.15,False,-1,-1,82,n005064,Lee_Chung-yong,082_n005064_Lee_Chung-yong,dataset/clean/test/082_n005064_Lee_Chung-yong/0008.jpg,dataset/attacks/error_generic/fgsm/eps_0_150/082_n005064_Lee_Chung-yong/0008_adv.png,0.15,0.117575
fgsm,0.15,False,-1,-1,82,n005064,Lee_Chung-yong,082_n005064_Lee_Chung-yong,dataset/clean/test/082_n005064_Lee_Chung-yong/0009.jpg,dataset/attacks/error_generic/fgsm/eps_0_150/082_n005064_Lee_Chung-yong/0009_adv.png,0.15,0.137257
fgsm,0.15,False,-1,-1,83,n003556,Ilkka_Kanerva,083_n003556_Ilkka_Kanerva,dataset/clean/test/083_n003556_Ilkka_Kanerva/0000.jpg,dataset/attacks/error_generic/fgsm/eps_0_150/083_n003556_Ilkka_Kanerva/0000_adv.png,0.15,0.129796
fgsm,0.15,False,-1,-1,83,n003556,Ilkka_Kanerva,083_n003556_Ilkka_Kanerva,dataset/clean/test/083_n003556_Ilkka_Kanerva/0001.jpg,dataset/attacks/error_generic/fgsm/eps_0_150/083_n003556_Ilkka_Kanerva/0001_adv.png,0.15,0.139831
fgsm,0.15,False,-1,-1,83,n003556,Ilkka_Kanerva,083_n003556_Ilkka_Kanerva,dataset/clean/test/083_n003556_Ilkka_Kanerva/0002.jpg,dataset/attacks/error_generic/fgsm/eps_0_150/083_n003556_Ilkka_Kanerva/0002_adv.png,0.15,0.138403
fgsm,0.15,False,-1,-1,83,n003556,Ilkka_Kanerva,083_n003556_Ilkka_Kanerva,dataset/clean/test/083_n003556_Ilkka_Kanerva/0003.jpg,dataset/attacks/error_generic/fgsm/eps_0_150/083_n003556_Ilkka_Kanerva/0003_adv.png,0.15,0.133025
fgsm,0.15,False,-1,-1,83,n003556,Ilkka_Kanerva,083_n003556_Ilkka_Kanerva,dataset/clean/test/083_n003556_Ilkka_Kanerva/0004.jpg,dataset/attacks/error_generic/fgsm/eps_0_150/083_n003556_Ilkka_Kanerva/0004_adv.png,0.15,0.131849
fgsm,0.15,False,-1,-1,83,n003556,Ilkka_Kanerva,083_n003556_Ilkka_Kanerva,dataset/clean/test/083_n003556_Ilkka_Kanerva/0005.jpg,dataset/attacks/error_generic/fgsm/eps_0_150/083_n003556_Ilkka_Kanerva/0005_adv.png,0.15,0.140098
fgsm,0.15,False,-1,-1,83,n003556,Ilkka_Kanerva,083_n003556_Ilkka_Kanerva,dataset/clean/test/083_n003556_Ilkka_Kanerva/0006.jpg,dataset/attacks/error_generic/fgsm/eps_0_150/083_n003556_Ilkka_Kanerva/0006_adv.png,0.15,0.142439
fgsm,0.15,False,-1,-1,83,n003556,Ilkka_Kanerva,083_n003556_Ilkka_Kanerva,dataset/clean/test/083_n003556_Ilkka_Kanerva/0007.jpg,dataset/attacks/error_generic/fgsm/eps_0_150/083_n003556_Ilkka_Kanerva/0007_adv.png,0.15,0.137545
fgsm,0.15,False,-1,-1,83,n003556,Ilkka_Kanerva,083_n003556_Ilkka_Kanerva,dataset/clean/test/083_n003556_Ilkka_Kanerva/0008.jpg,dataset/attacks/error_generic/fgsm/eps_0_150/083_n003556_Ilkka_Kanerva/0008_adv.png,0.15,0.138605
fgsm,0.15,False,-1,-1,83,n003556,Ilkka_Kanerva,083_n003556_Ilkka_Kanerva,dataset/clean/test/083_n003556_Ilkka_Kanerva/0009.jpg,dataset/attacks/error_generic/fgsm/eps_0_150/083_n003556_Ilkka_Kanerva/0009_adv.png,0.15,0.128236
fgsm,0.15,False,-1,-1,84,n006590,No_Min-woo,084_n006590_No_Min-woo,dataset/clean/test/084_n006590_No_Min-woo/0000.jpg,dataset/attacks/error_generic/fgsm/eps_0_150/084_n006590_No_Min-woo/0000_adv.png,0.15,0.135919
fgsm,0.15,False,-1,-1,84,n006590,No_Min-woo,084_n006590_No_Min-woo,dataset/clean/test/084_n006590_No_Min-woo/0001.jpg,dataset/attacks/error_generic/fgsm/eps_0_150/084_n006590_No_Min-woo/0001_adv.png,0.15,0.136421
fgsm,0.15,False,-1,-1,84,n006590,No_Min-woo,084_n006590_No_Min-woo,dataset/clean/test/084_n006590_No_Min-woo/0002.jpg,dataset/attacks/error_generic/fgsm/eps_0_150/084_n006590_No_Min-woo/0002_adv.png,0.15,0.125933
fgsm,0.15,False,-1,-1,84,n006590,No_Min-woo,084_n006590_No_Min-woo,dataset/clean/test/084_n006590_No_Min-woo/0003.jpg,dataset/attacks/error_generic/fgsm/eps_0_150/084_n006590_No_Min-woo/0003_adv.png,0.15,0.139437
fgsm,0.15,False,-1,-1,84,n006590,No_Min-woo,084_n006590_No_Min-woo,dataset/clean/test/084_n006590_No_Min-woo/0004.jpg,dataset/attacks/error_generic/fgsm/eps_0_150/084_n006590_No_Min-woo/0004_adv.png,0.15,0.126843
fgsm,0.15,False,-1,-1,84,n006590,No_Min-woo,084_n006590_No_Min-woo,dataset/clean/test/084_n006590_No_Min-woo/0005.jpg,dataset/attacks/error_generic/fgsm/eps_0_150/084_n006590_No_Min-woo/0005_adv.png,0.15,0.130399
fgsm,0.15,False,-1,-1,84,n006590,No_Min-woo,084_n006590_No_Min-woo,dataset/clean/test/084_n006590_No_Min-woo/0006.jpg,dataset/attacks/error_generic/fgsm/eps_0_150/084_n006590_No_Min-woo/0006_adv.png,0.15,0.132662
fgsm,0.15,False,-1,-1,84,n006590,No_Min-woo,084_n006590_No_Min-woo,dataset/clean/test/084_n006590_No_Min-woo/0007.jpg,dataset/attacks/error_generic/fgsm/eps_0_150/084_n006590_No_Min-woo/0007_adv.png,0.15,0.129029
fgsm,0.15,False,-1,-1,84,n006590,No_Min-woo,084_n006590_No_Min-woo,dataset/clean/test/084_n006590_No_Min-woo/0008.jpg,dataset/attacks/error_generic/fgsm/eps_0_150/084_n006590_No_Min-woo/0008_adv.png,0.15,0.12897
fgsm,0.15,False,-1,-1,84,n006590,No_Min-woo,084_n006590_No_Min-woo,dataset/clean/test/084_n006590_No_Min-woo/0009.jpg,dataset/attacks/error_generic/fgsm/eps_0_150/084_n006590_No_Min-woo/0009_adv.png,0.15,0.129862
fgsm,0.15,False,-1,-1,85,n006976,Phil_Taylor,085_n006976_Phil_Taylor,dataset/clean/test/085_n006976_Phil_Taylor/0000.jpg,dataset/attacks/error_generic/fgsm/eps_0_150/085_n006976_Phil_Taylor/0000_adv.png,0.15,0.129729
fgsm,0.15,False,-1,-1,85,n006976,Phil_Taylor,085_n006976_Phil_Taylor,dataset/clean/test/085_n006976_Phil_Taylor/0001.jpg,dataset/attacks/error_generic/fgsm/eps_0_150/085_n006976_Phil_Taylor/0001_adv.png,0.15,0.136626
fgsm,0.15,False,-1,-1,85,n006976,Phil_Taylor,085_n006976_Phil_Taylor,dataset/clean/test/085_n006976_Phil_Taylor/0002.jpg,dataset/attacks/error_generic/fgsm/eps_0_150/085_n006976_Phil_Taylor/0002_adv.png,0.15,0.135647
fgsm,0.15,False,-1,-1,85,n006976,Phil_Taylor,085_n006976_Phil_Taylor,dataset/clean/test/085_n006976_Phil_Taylor/0003.jpg,dataset/attacks/error_generic/fgsm/eps_0_150/085_n006976_Phil_Taylor/0003_adv.png,0.15,0.101773
fgsm,0.15,False,-1,-1,85,n006976,Phil_Taylor,085_n006976_Phil_Taylor,dataset/clean/test/085_n006976_Phil_Taylor/0004.jpg,dataset/attacks/error_generic/fgsm/eps_0_150/085_n006976_Phil_Taylor/0004_adv.png,0.15,0.11587
fgsm,0.15,False,-1,-1,85,n006976,Phil_Taylor,085_n006976_Phil_Taylor,dataset/clean/test/085_n006976_Phil_Taylor/0005.jpg,dataset/attacks/error_generic/fgsm/eps_0_150/085_n006976_Phil_Taylor/0005_adv.png,0.15,0.142583
fgsm,0.15,False,-1,-1,85,n006976,Phil_Taylor,085_n006976_Phil_Taylor,dataset/clean/test/085_n006976_Phil_Taylor/0006.jpg,dataset/attacks/error_generic/fgsm/eps_0_150/085_n006976_Phil_Taylor/0006_adv.png,0.15,0.140149
fgsm,0.15,False,-1,-1,85,n006976,Phil_Taylor,085_n006976_Phil_Taylor,dataset/clean/test/085_n006976_Phil_Taylor/0007.jpg,dataset/attacks/error_generic/fgsm/eps_0_150/085_n006976_Phil_Taylor/0007_adv.png,0.15,0.117218
fgsm,0.15,False,-1,-1,85,n006976,Phil_Taylor,085_n006976_Phil_Taylor,dataset/clean/test/085_n006976_Phil_Taylor/0008.jpg,dataset/attacks/error_generic/fgsm/eps_0_150/085_n006976_Phil_Taylor/0008_adv.png,0.15,0.134931
fgsm,0.15,False,-1,-1,85,n006976,Phil_Taylor,085_n006976_Phil_Taylor,dataset/clean/test/085_n006976_Phil_Taylor/0009.jpg,dataset/attacks/error_generic/fgsm/eps_0_150/085_n006976_Phil_Taylor/0009_adv.png,0.15,0.12129
fgsm,0.15,False,-1,-1,86,n001526,Charles_Tillman,086_n001526_Charles_Tillman,dataset/clean/test/086_n001526_Charles_Tillman/0000.jpg,dataset/attacks/error_generic/fgsm/eps_0_150/086_n001526_Charles_Tillman/0000_adv.png,0.15,0.128426
fgsm,0.15,False,-1,-1,86,n001526,Charles_Tillman,086_n001526_Charles_Tillman,dataset/clean/test/086_n001526_Charles_Tillman/0001.jpg,dataset/attacks/error_generic/fgsm/eps_0_150/086_n001526_Charles_Tillman/0001_adv.png,0.15,0.141471
fgsm,0.15,False,-1,-1,86,n001526,Charles_Tillman,086_n001526_Charles_Tillman,dataset/clean/test/086_n001526_Charles_Tillman/0002.jpg,dataset/attacks/error_generic/fgsm/eps_0_150/086_n001526_Charles_Tillman/0002_adv.png,0.15,0.135838
fgsm,0.15,False,-1,-1,86,n001526,Charles_Tillman,086_n001526_Charles_Tillman,dataset/clean/test/086_n001526_Charles_Tillman/0003.jpg,dataset/attacks/error_generic/fgsm/eps_0_150/086_n001526_Charles_Tillman/0003_adv.png,0.15,0.132761
fgsm,0.15,False,-1,-1,86,n001526,Charles_Tillman,086_n001526_Charles_Tillman,dataset/clean/test/086_n001526_Charles_Tillman/0004.jpg,dataset/attacks/error_generic/fgsm/eps_0_150/086_n001526_Charles_Tillman/0004_adv.png,0.15,0.1406
fgsm,0.15,False,-1,-1,86,n001526,Charles_Tillman,086_n001526_Charles_Tillman,dataset/clean/test/086_n001526_Charles_Tillman/0005.jpg,dataset/attacks/error_generic/fgsm/eps_0_150/086_n001526_Charles_Tillman/0005_adv.png,0.15,0.135017
fgsm,0.15,False,-1,-1,86,n001526,Charles_Tillman,086_n001526_Charles_Tillman,dataset/clean/test/086_n001526_Charles_Tillman/0006.jpg,dataset/attacks/error_generic/fgsm/eps_0_150/086_n001526_Charles_Tillman/0006_adv.png,0.15,0.125117
fgsm,0.15,False,-1,-1,86,n001526,Charles_Tillman,086_n001526_Charles_Tillman,dataset/clean/test/086_n001526_Charles_Tillman/0007.jpg,dataset/attacks/error_generic/fgsm/eps_0_150/086_n001526_Charles_Tillman/0007_adv.png,0.15,0.131958
fgsm,0.15,False,-1,-1,86,n001526,Charles_Tillman,086_n001526_Charles_Tillman,dataset/clean/test/086_n001526_Charles_Tillman/0008.jpg,dataset/attacks/error_generic/fgsm/eps_0_150/086_n001526_Charles_Tillman/0008_adv.png,0.15,0.134666
fgsm,0.15,False,-1,-1,86,n001526,Charles_Tillman,086_n001526_Charles_Tillman,dataset/clean/test/086_n001526_Charles_Tillman/0009.jpg,dataset/attacks/error_generic/fgsm/eps_0_150/086_n001526_Charles_Tillman/0009_adv.png,0.15,0.13893
fgsm,0.15,False,-1,-1,87,n007644,Ryan_Merriman,087_n007644_Ryan_Merriman,dataset/clean/test/087_n007644_Ryan_Merriman/0000.jpg,dataset/attacks/error_generic/fgsm/eps_0_150/087_n007644_Ryan_Merriman/0000_adv.png,0.15,0.108697
fgsm,0.15,False,-1,-1,87,n007644,Ryan_Merriman,087_n007644_Ryan_Merriman,dataset/clean/test/087_n007644_Ryan_Merriman/0001.jpg,dataset/attacks/error_generic/fgsm/eps_0_150/087_n007644_Ryan_Merriman/0001_adv.png,0.15,0.136927
fgsm,0.15,False,-1,-1,87,n007644,Ryan_Merriman,087_n007644_Ryan_Merriman,dataset/clean/test/087_n007644_Ryan_Merriman/0002.jpg,dataset/attacks/error_generic/fgsm/eps_0_150/087_n007644_Ryan_Merriman/0002_adv.png,0.15,0.138248
fgsm,0.15,False,-1,-1,87,n007644,Ryan_Merriman,087_n007644_Ryan_Merriman,dataset/clean/test/087_n007644_Ryan_Merriman/0003.jpg,dataset/attacks/error_generic/fgsm/eps_0_150/087_n007644_Ryan_Merriman/0003_adv.png,0.15,0.131307
fgsm,0.15,False,-1,-1,87,n007644,Ryan_Merriman,087_n007644_Ryan_Merriman,dataset/clean/test/087_n007644_Ryan_Merriman/0004.jpg,dataset/attacks/error_generic/fgsm/eps_0_150/087_n007644_Ryan_Merriman/0004_adv.png,0.15,0.110369
fgsm,0.15,False,-1,-1,87,n007644,Ryan_Merriman,087_n007644_Ryan_Merriman,dataset/clean/test/087_n007644_Ryan_Merriman/0005.jpg,dataset/attacks/error_generic/fgsm/eps_0_150/087_n007644_Ryan_Merriman/0005_adv.png,0.15,0.134431
fgsm,0.15,False,-1,-1,87,n007644,Ryan_Merriman,087_n007644_Ryan_Merriman,dataset/clean/test/087_n007644_Ryan_Merriman/0006.jpg,dataset/attacks/error_generic/fgsm/eps_0_150/087_n007644_Ryan_Merriman/0006_adv.png,0.15,0.114695
fgsm,0.15,False,-1,-1,87,n007644,Ryan_Merriman,087_n007644_Ryan_Merriman,dataset/clean/test/087_n007644_Ryan_Merriman/0007.jpg,dataset/attacks/error_generic/fgsm/eps_0_150/087_n007644_Ryan_Merriman/0007_adv.png,0.15,0.123781
fgsm,0.15,False,-1,-1,87,n007644,Ryan_Merriman,087_n007644_Ryan_Merriman,dataset/clean/test/087_n007644_Ryan_Merriman/0008.jpg,dataset/attacks/error_generic/fgsm/eps_0_150/087_n007644_Ryan_Merriman/0008_adv.png,0.15,0.133287
fgsm,0.15,False,-1,-1,87,n007644,Ryan_Merriman,087_n007644_Ryan_Merriman,dataset/clean/test/087_n007644_Ryan_Merriman/0009.jpg,dataset/attacks/error_generic/fgsm/eps_0_150/087_n007644_Ryan_Merriman/0009_adv.png,0.15,0.13858
fgsm,0.15,False,-1,-1,88,n007192,Raluca_Turcan,088_n007192_Raluca_Turcan,dataset/clean/test/088_n007192_Raluca_Turcan/0000.jpg,dataset/attacks/error_generic/fgsm/eps_0_150/088_n007192_Raluca_Turcan/0000_adv.png,0.15,0.135423
fgsm,0.15,False,-1,-1,88,n007192,Raluca_Turcan,088_n007192_Raluca_Turcan,dataset/clean/test/088_n007192_Raluca_Turcan/0001.jpg,dataset/attacks/error_generic/fgsm/eps_0_150/088_n007192_Raluca_Turcan/0001_adv.png,0.15,0.144186
fgsm,0.15,False,-1,-1,88,n007192,Raluca_Turcan,088_n007192_Raluca_Turcan,dataset/clean/test/088_n007192_Raluca_Turcan/0002.jpg,dataset/attacks/error_generic/fgsm/eps_0_150/088_n007192_Raluca_Turcan/0002_adv.png,0.15,0.140441
fgsm,0.15,False,-1,-1,88,n007192,Raluca_Turcan,088_n007192_Raluca_Turcan,dataset/clean/test/088_n007192_Raluca_Turcan/0003.jpg,dataset/attacks/error_generic/fgsm/eps_0_150/088_n007192_Raluca_Turcan/0003_adv.png,0.15,0.140066
fgsm,0.15,False,-1,-1,88,n007192,Raluca_Turcan,088_n007192_Raluca_Turcan,dataset/clean/test/088_n007192_Raluca_Turcan/0004.jpg,dataset/attacks/error_generic/fgsm/eps_0_150/088_n007192_Raluca_Turcan/0004_adv.png,0.15,0.136459
fgsm,0.15,False,-1,-1,88,n007192,Raluca_Turcan,088_n007192_Raluca_Turcan,dataset/clean/test/088_n007192_Raluca_Turcan/0005.jpg,dataset/attacks/error_generic/fgsm/eps_0_150/088_n007192_Raluca_Turcan/0005_adv.png,0.15,0.144306
fgsm,0.15,False,-1,-1,88,n007192,Raluca_Turcan,088_n007192_Raluca_Turcan,dataset/clean/test/088_n007192_Raluca_Turcan/0006.jpg,dataset/attacks/error_generic/fgsm/eps_0_150/088_n007192_Raluca_Turcan/0006_adv.png,0.15,0.138066
fgsm,0.15,False,-1,-1,88,n007192,Raluca_Turcan,088_n007192_Raluca_Turcan,dataset/clean/test/088_n007192_Raluca_Turcan/0007.jpg,dataset/attacks/error_generic/fgsm/eps_0_150/088_n007192_Raluca_Turcan/0007_adv.png,0.15,0.101922
fgsm,0.15,False,-1,-1,88,n007192,Raluca_Turcan,088_n007192_Raluca_Turcan,dataset/clean/test/088_n007192_Raluca_Turcan/0008.jpg,dataset/attacks/error_generic/fgsm/eps_0_150/088_n007192_Raluca_Turcan/0008_adv.png,0.15,0.139853
fgsm,0.15,False,-1,-1,88,n007192,Raluca_Turcan,088_n007192_Raluca_Turcan,dataset/clean/test/088_n007192_Raluca_Turcan/0009.jpg,dataset/attacks/error_generic/fgsm/eps_0_150/088_n007192_Raluca_Turcan/0009_adv.png,0.15,0.142607
fgsm,0.15,False,-1,-1,89,n003729,Jake_Owen,089_n003729_Jake_Owen,dataset/clean/test/089_n003729_Jake_Owen/0000.jpg,dataset/attacks/error_generic/fgsm/eps_0_150/089_n003729_Jake_Owen/0000_adv.png,0.15,0.137558
fgsm,0.15,False,-1,-1,89,n003729,Jake_Owen,089_n003729_Jake_Owen,dataset/clean/test/089_n003729_Jake_Owen/0001.jpg,dataset/attacks/error_generic/fgsm/eps_0_150/089_n003729_Jake_Owen/0001_adv.png,0.15,0.135285
fgsm,0.15,False,-1,-1,89,n003729,Jake_Owen,089_n003729_Jake_Owen,dataset/clean/test/089_n003729_Jake_Owen/0002.jpg,dataset/attacks/error_generic/fgsm/eps_0_150/089_n003729_Jake_Owen/0002_adv.png,0.15,0.142252
fgsm,0.15,False,-1,-1,89,n003729,Jake_Owen,089_n003729_Jake_Owen,dataset/clean/test/089_n003729_Jake_Owen/0003.jpg,dataset/attacks/error_generic/fgsm/eps_0_150/089_n003729_Jake_Owen/0003_adv.png,0.15,0.142111
fgsm,0.15,False,-1,-1,89,n003729,Jake_Owen,089_n003729_Jake_Owen,dataset/clean/test/089_n003729_Jake_Owen/0004.jpg,dataset/attacks/error_generic/fgsm/eps_0_150/089_n003729_Jake_Owen/0004_adv.png,0.15,0.134529
fgsm,0.15,False,-1,-1,89,n003729,Jake_Owen,089_n003729_Jake_Owen,dataset/clean/test/089_n003729_Jake_Owen/0005.jpg,dataset/attacks/error_generic/fgsm/eps_0_150/089_n003729_Jake_Owen/0005_adv.png,0.15,0.129118
fgsm,0.15,False,-1,-1,89,n003729,Jake_Owen,089_n003729_Jake_Owen,dataset/clean/test/089_n003729_Jake_Owen/0006.jpg,dataset/attacks/error_generic/fgsm/eps_0_150/089_n003729_Jake_Owen/0006_adv.png,0.15,0.136387
fgsm,0.15,False,-1,-1,89,n003729,Jake_Owen,089_n003729_Jake_Owen,dataset/clean/test/089_n003729_Jake_Owen/0007.jpg,dataset/attacks/error_generic/fgsm/eps_0_150/089_n003729_Jake_Owen/0007_adv.png,0.15,0.11909
fgsm,0.15,False,-1,-1,89,n003729,Jake_Owen,089_n003729_Jake_Owen,dataset/clean/test/089_n003729_Jake_Owen/0008.jpg,dataset/attacks/error_generic/fgsm/eps_0_150/089_n003729_Jake_Owen/0008_adv.png,0.15,0.127304
fgsm,0.15,False,-1,-1,89,n003729,Jake_Owen,089_n003729_Jake_Owen,dataset/clean/test/089_n003729_Jake_Owen/0009.jpg,dataset/attacks/error_generic/fgsm/eps_0_150/089_n003729_Jake_Owen/0009_adv.png,0.15,0.129627
fgsm,0.15,False,-1,-1,90,n003061,Gia_Carides,090_n003061_Gia_Carides,dataset/clean/test/090_n003061_Gia_Carides/0000.jpg,dataset/attacks/error_generic/fgsm/eps_0_150/090_n003061_Gia_Carides/0000_adv.png,0.15,0.118818
fgsm,0.15,False,-1,-1,90,n003061,Gia_Carides,090_n003061_Gia_Carides,dataset/clean/test/090_n003061_Gia_Carides/0001.jpg,dataset/attacks/error_generic/fgsm/eps_0_150/090_n003061_Gia_Carides/0001_adv.png,0.15,0.136388
fgsm,0.15,False,-1,-1,90,n003061,Gia_Carides,090_n003061_Gia_Carides,dataset/clean/test/090_n003061_Gia_Carides/0002.jpg,dataset/attacks/error_generic/fgsm/eps_0_150/090_n003061_Gia_Carides/0002_adv.png,0.15,0.12822
fgsm,0.15,False,-1,-1,90,n003061,Gia_Carides,090_n003061_Gia_Carides,dataset/clean/test/090_n003061_Gia_Carides/0003.jpg,dataset/attacks/error_generic/fgsm/eps_0_150/090_n003061_Gia_Carides/0003_adv.png,0.15,0.128939
fgsm,0.15,False,-1,-1,90,n003061,Gia_Carides,090_n003061_Gia_Carides,dataset/clean/test/090_n003061_Gia_Carides/0004.jpg,dataset/attacks/error_generic/fgsm/eps_0_150/090_n003061_Gia_Carides/0004_adv.png,0.15,0.12223
fgsm,0.15,False,-1,-1,90,n003061,Gia_Carides,090_n003061_Gia_Carides,dataset/clean/test/090_n003061_Gia_Carides/0005.jpg,dataset/attacks/error_generic/fgsm/eps_0_150/090_n003061_Gia_Carides/0005_adv.png,0.15,0.116939
fgsm,0.15,False,-1,-1,90,n003061,Gia_Carides,090_n003061_Gia_Carides,dataset/clean/test/090_n003061_Gia_Carides/0006.jpg,dataset/attacks/error_generic/fgsm/eps_0_150/090_n003061_Gia_Carides/0006_adv.png,0.15,0.13845
fgsm,0.15,False,-1,-1,90,n003061,Gia_Carides,090_n003061_Gia_Carides,dataset/clean/test/090_n003061_Gia_Carides/0007.jpg,dataset/attacks/error_generic/fgsm/eps_0_150/090_n003061_Gia_Carides/0007_adv.png,0.15,0.130145
fgsm,0.15,False,-1,-1,90,n003061,Gia_Carides,090_n003061_Gia_Carides,dataset/clean/test/090_n003061_Gia_Carides/0008.jpg,dataset/attacks/error_generic/fgsm/eps_0_150/090_n003061_Gia_Carides/0008_adv.png,0.15,0.125574
fgsm,0.15,False,-1,-1,90,n003061,Gia_Carides,090_n003061_Gia_Carides,dataset/clean/test/090_n003061_Gia_Carides/0009.jpg,dataset/attacks/error_generic/fgsm/eps_0_150/090_n003061_Gia_Carides/0009_adv.png,0.15,0.1195
fgsm,0.15,False,-1,-1,91,n005050,Layne_Staley,091_n005050_Layne_Staley,dataset/clean/test/091_n005050_Layne_Staley/0000.jpg,dataset/attacks/error_generic/fgsm/eps_0_150/091_n005050_Layne_Staley/0000_adv.png,0.15,0.12754
fgsm,0.15,False,-1,-1,91,n005050,Layne_Staley,091_n005050_Layne_Staley,dataset/clean/test/091_n005050_Layne_Staley/0001.jpg,dataset/attacks/error_generic/fgsm/eps_0_150/091_n005050_Layne_Staley/0001_adv.png,0.15,0.09223
fgsm,0.15,False,-1,-1,91,n005050,Layne_Staley,091_n005050_Layne_Staley,dataset/clean/test/091_n005050_Layne_Staley/0002.jpg,dataset/attacks/error_generic/fgsm/eps_0_150/091_n005050_Layne_Staley/0002_adv.png,0.15,0.135244
fgsm,0.15,False,-1,-1,91,n005050,Layne_Staley,091_n005050_Layne_Staley,dataset/clean/test/091_n005050_Layne_Staley/0003.jpg,dataset/attacks/error_generic/fgsm/eps_0_150/091_n005050_Layne_Staley/0003_adv.png,0.15,0.137869
fgsm,0.15,False,-1,-1,91,n005050,Layne_Staley,091_n005050_Layne_Staley,dataset/clean/test/091_n005050_Layne_Staley/0004.jpg,dataset/attacks/error_generic/fgsm/eps_0_150/091_n005050_Layne_Staley/0004_adv.png,0.15,0.117956
fgsm,0.15,False,-1,-1,91,n005050,Layne_Staley,091_n005050_Layne_Staley,dataset/clean/test/091_n005050_Layne_Staley/0005.jpg,dataset/attacks/error_generic/fgsm/eps_0_150/091_n005050_Layne_Staley/0005_adv.png,0.15,0.138789
fgsm,0.15,False,-1,-1,91,n005050,Layne_Staley,091_n005050_Layne_Staley,dataset/clean/test/091_n005050_Layne_Staley/0006.jpg,dataset/attacks/error_generic/fgsm/eps_0_150/091_n005050_Layne_Staley/0006_adv.png,0.15,0.140524
fgsm,0.15,False,-1,-1,91,n005050,Layne_Staley,091_n005050_Layne_Staley,dataset/clean/test/091_n005050_Layne_Staley/0007.jpg,dataset/attacks/error_generic/fgsm/eps_0_150/091_n005050_Layne_Staley/0007_adv.png,0.15,0.127939
fgsm,0.15,False,-1,-1,91,n005050,Layne_Staley,091_n005050_Layne_Staley,dataset/clean/test/091_n005050_Layne_Staley/0008.jpg,dataset/attacks/error_generic/fgsm/eps_0_150/091_n005050_Layne_Staley/0008_adv.png,0.15,0.121565
fgsm,0.15,False,-1,-1,91,n005050,Layne_Staley,091_n005050_Layne_Staley,dataset/clean/test/091_n005050_Layne_Staley/0009.jpg,dataset/attacks/error_generic/fgsm/eps_0_150/091_n005050_Layne_Staley/0009_adv.png,0.15,0.121705
fgsm,0.15,False,-1,-1,92,n004290,Joo_Sang-wook,092_n004290_Joo_Sang-wook,dataset/clean/test/092_n004290_Joo_Sang-wook/0000.jpg,dataset/attacks/error_generic/fgsm/eps_0_150/092_n004290_Joo_Sang-wook/0000_adv.png,0.15,0.134036
fgsm,0.15,False,-1,-1,92,n004290,Joo_Sang-wook,092_n004290_Joo_Sang-wook,dataset/clean/test/092_n004290_Joo_Sang-wook/0001.jpg,dataset/attacks/error_generic/fgsm/eps_0_150/092_n004290_Joo_Sang-wook/0001_adv.png,0.15,0.137806
fgsm,0.15,False,-1,-1,92,n004290,Joo_Sang-wook,092_n004290_Joo_Sang-wook,dataset/clean/test/092_n004290_Joo_Sang-wook/0002.jpg,dataset/attacks/error_generic/fgsm/eps_0_150/092_n004290_Joo_Sang-wook/0002_adv.png,0.15,0.139577
fgsm,0.15,False,-1,-1,92,n004290,Joo_Sang-wook,092_n004290_Joo_Sang-wook,dataset/clean/test/092_n004290_Joo_Sang-wook/0003.jpg,dataset/attacks/error_generic/fgsm/eps_0_150/092_n004290_Joo_Sang-wook/0003_adv.png,0.15,0.10863
fgsm,0.15,False,-1,-1,92,n004290,Joo_Sang-wook,092_n004290_Joo_Sang-wook,dataset/clean/test/092_n004290_Joo_Sang-wook/0004.jpg,dataset/attacks/error_generic/fgsm/eps_0_150/092_n004290_Joo_Sang-wook/0004_adv.png,0.15,0.120295
fgsm,0.15,False,-1,-1,92,n004290,Joo_Sang-wook,092_n004290_Joo_Sang-wook,dataset/clean/test/092_n004290_Joo_Sang-wook/0005.jpg,dataset/attacks/error_generic/fgsm/eps_0_150/092_n004290_Joo_Sang-wook/0005_adv.png,0.15,0.128571
fgsm,0.15,False,-1,-1,92,n004290,Joo_Sang-wook,092_n004290_Joo_Sang-wook,dataset/clean/test/092_n004290_Joo_Sang-wook/0006.jpg,dataset/attacks/error_generic/fgsm/eps_0_150/092_n004290_Joo_Sang-wook/0006_adv.png,0.15,0.117694
fgsm,0.15,False,-1,-1,92,n004290,Joo_Sang-wook,092_n004290_Joo_Sang-wook,dataset/clean/test/092_n004290_Joo_Sang-wook/0007.jpg,dataset/attacks/error_generic/fgsm/eps_0_150/092_n004290_Joo_Sang-wook/0007_adv.png,0.15,0.1367
fgsm,0.15,False,-1,-1,92,n004290,Joo_Sang-wook,092_n004290_Joo_Sang-wook,dataset/clean/test/092_n004290_Joo_Sang-wook/0008.jpg,dataset/attacks/error_generic/fgsm/eps_0_150/092_n004290_Joo_Sang-wook/0008_adv.png,0.15,0.139448
fgsm,0.15,False,-1,-1,92,n004290,Joo_Sang-wook,092_n004290_Joo_Sang-wook,dataset/clean/test/092_n004290_Joo_Sang-wook/0009.jpg,dataset/attacks/error_generic/fgsm/eps_0_150/092_n004290_Joo_Sang-wook/0009_adv.png,0.15,0.13937
fgsm,0.15,False,-1,-1,93,n002247,Dolores_Chaplin,093_n002247_Dolores_Chaplin,dataset/clean/test/093_n002247_Dolores_Chaplin/0000.jpg,dataset/attacks/error_generic/fgsm/eps_0_150/093_n002247_Dolores_Chaplin/0000_adv.png,0.15,0.136387
fgsm,0.15,False,-1,-1,93,n002247,Dolores_Chaplin,093_n002247_Dolores_Chaplin,dataset/clean/test/093_n002247_Dolores_Chaplin/0001.jpg,dataset/attacks/error_generic/fgsm/eps_0_150/093_n002247_Dolores_Chaplin/0001_adv.png,0.15,0.135462
fgsm,0.15,False,-1,-1,93,n002247,Dolores_Chaplin,093_n002247_Dolores_Chaplin,dataset/clean/test/093_n002247_Dolores_Chaplin/0002.jpg,dataset/attacks/error_generic/fgsm/eps_0_150/093_n002247_Dolores_Chaplin/0002_adv.png,0.15,0.132068
fgsm,0.15,False,-1,-1,93,n002247,Dolores_Chaplin,093_n002247_Dolores_Chaplin,dataset/clean/test/093_n002247_Dolores_Chaplin/0003.jpg,dataset/attacks/error_generic/fgsm/eps_0_150/093_n002247_Dolores_Chaplin/0003_adv.png,0.15,0.12384
fgsm,0.15,False,-1,-1,93,n002247,Dolores_Chaplin,093_n002247_Dolores_Chaplin,dataset/clean/test/093_n002247_Dolores_Chaplin/0004.jpg,dataset/attacks/error_generic/fgsm/eps_0_150/093_n002247_Dolores_Chaplin/0004_adv.png,0.15,0.137783
fgsm,0.15,False,-1,-1,93,n002247,Dolores_Chaplin,093_n002247_Dolores_Chaplin,dataset/clean/test/093_n002247_Dolores_Chaplin/0005.jpg,dataset/attacks/error_generic/fgsm/eps_0_150/093_n002247_Dolores_Chaplin/0005_adv.png,0.15,0.131155
fgsm,0.15,False,-1,-1,93,n002247,Dolores_Chaplin,093_n002247_Dolores_Chaplin,dataset/clean/test/093_n002247_Dolores_Chaplin/0006.jpg,dataset/attacks/error_generic/fgsm/eps_0_150/093_n002247_Dolores_Chaplin/0006_adv.png,0.15,0.136809
fgsm,0.15,False,-1,-1,93,n002247,Dolores_Chaplin,093_n002247_Dolores_Chaplin,dataset/clean/test/093_n002247_Dolores_Chaplin/0007.jpg,dataset/attacks/error_generic/fgsm/eps_0_150/093_n002247_Dolores_Chaplin/0007_adv.png,0.15,0.128104
fgsm,0.15,False,-1,-1,93,n002247,Dolores_Chaplin,093_n002247_Dolores_Chaplin,dataset/clean/test/093_n002247_Dolores_Chaplin/0008.jpg,dataset/attacks/error_generic/fgsm/eps_0_150/093_n002247_Dolores_Chaplin/0008_adv.png,0.15,0.111161
fgsm,0.15,False,-1,-1,93,n002247,Dolores_Chaplin,093_n002247_Dolores_Chaplin,dataset/clean/test/093_n002247_Dolores_Chaplin/0009.jpg,dataset/attacks/error_generic/fgsm/eps_0_150/093_n002247_Dolores_Chaplin/0009_adv.png,0.15,0.123484
fgsm,0.15,False,-1,-1,94,n008545,Tia_Mowry,094_n008545_Tia_Mowry,dataset/clean/test/094_n008545_Tia_Mowry/0000.jpg,dataset/attacks/error_generic/fgsm/eps_0_150/094_n008545_Tia_Mowry/0000_adv.png,0.15,0.14247
fgsm,0.15,False,-1,-1,94,n008545,Tia_Mowry,094_n008545_Tia_Mowry,dataset/clean/test/094_n008545_Tia_Mowry/0001.jpg,dataset/attacks/error_generic/fgsm/eps_0_150/094_n008545_Tia_Mowry/0001_adv.png,0.15,0.132977
fgsm,0.15,False,-1,-1,94,n008545,Tia_Mowry,094_n008545_Tia_Mowry,dataset/clean/test/094_n008545_Tia_Mowry/0002.jpg,dataset/attacks/error_generic/fgsm/eps_0_150/094_n008545_Tia_Mowry/0002_adv.png,0.15,0.117654
fgsm,0.15,False,-1,-1,94,n008545,Tia_Mowry,094_n008545_Tia_Mowry,dataset/clean/test/094_n008545_Tia_Mowry/0003.jpg,dataset/attacks/error_generic/fgsm/eps_0_150/094_n008545_Tia_Mowry/0003_adv.png,0.15,0.123007
fgsm,0.15,False,-1,-1,94,n008545,Tia_Mowry,094_n008545_Tia_Mowry,dataset/clean/test/094_n008545_Tia_Mowry/0004.jpg,dataset/attacks/error_generic/fgsm/eps_0_150/094_n008545_Tia_Mowry/0004_adv.png,0.15,0.114916
fgsm,0.15,False,-1,-1,94,n008545,Tia_Mowry,094_n008545_Tia_Mowry,dataset/clean/test/094_n008545_Tia_Mowry/0005.jpg,dataset/attacks/error_generic/fgsm/eps_0_150/094_n008545_Tia_Mowry/0005_adv.png,0.15,0.136227
fgsm,0.15,False,-1,-1,94,n008545,Tia_Mowry,094_n008545_Tia_Mowry,dataset/clean/test/094_n008545_Tia_Mowry/0006.jpg,dataset/attacks/error_generic/fgsm/eps_0_150/094_n008545_Tia_Mowry/0006_adv.png,0.15,0.133089
fgsm,0.15,False,-1,-1,94,n008545,Tia_Mowry,094_n008545_Tia_Mowry,dataset/clean/test/094_n008545_Tia_Mowry/0007.jpg,dataset/attacks/error_generic/fgsm/eps_0_150/094_n008545_Tia_Mowry/0007_adv.png,0.15,0.13117
fgsm,0.15,False,-1,-1,94,n008545,Tia_Mowry,094_n008545_Tia_Mowry,dataset/clean/test/094_n008545_Tia_Mowry/0008.jpg,dataset/attacks/error_generic/fgsm/eps_0_150/094_n008545_Tia_Mowry/0008_adv.png,0.15,0.129485
fgsm,0.15,False,-1,-1,94,n008545,Tia_Mowry,094_n008545_Tia_Mowry,dataset/clean/test/094_n008545_Tia_Mowry/0009.jpg,dataset/attacks/error_generic/fgsm/eps_0_150/094_n008545_Tia_Mowry/0009_adv.png,0.15,0.127181
fgsm,0.15,False,-1,-1,95,n000629,Anna_Loos,095_n000629_Anna_Loos,dataset/clean/test/095_n000629_Anna_Loos/0000.jpg,dataset/attacks/error_generic/fgsm/eps_0_150/095_n000629_Anna_Loos/0000_adv.png,0.15,0.138238
fgsm,0.15,False,-1,-1,95,n000629,Anna_Loos,095_n000629_Anna_Loos,dataset/clean/test/095_n000629_Anna_Loos/0001.jpg,dataset/attacks/error_generic/fgsm/eps_0_150/095_n000629_Anna_Loos/0001_adv.png,0.15,0.133101
fgsm,0.15,False,-1,-1,95,n000629,Anna_Loos,095_n000629_Anna_Loos,dataset/clean/test/095_n000629_Anna_Loos/0002.jpg,dataset/attacks/error_generic/fgsm/eps_0_150/095_n000629_Anna_Loos/0002_adv.png,0.15,0.140356
fgsm,0.15,False,-1,-1,95,n000629,Anna_Loos,095_n000629_Anna_Loos,dataset/clean/test/095_n000629_Anna_Loos/0003.jpg,dataset/attacks/error_generic/fgsm/eps_0_150/095_n000629_Anna_Loos/0003_adv.png,0.15,0.129869
fgsm,0.15,False,-1,-1,95,n000629,Anna_Loos,095_n000629_Anna_Loos,dataset/clean/test/095_n000629_Anna_Loos/0004.jpg,dataset/attacks/error_generic/fgsm/eps_0_150/095_n000629_Anna_Loos/0004_adv.png,0.15,0.140314
fgsm,0.15,False,-1,-1,95,n000629,Anna_Loos,095_n000629_Anna_Loos,dataset/clean/test/095_n000629_Anna_Loos/0005.jpg,dataset/attacks/error_generic/fgsm/eps_0_150/095_n000629_Anna_Loos/0005_adv.png,0.15,0.130136
fgsm,0.15,False,-1,-1,95,n000629,Anna_Loos,095_n000629_Anna_Loos,dataset/clean/test/095_n000629_Anna_Loos/0006.jpg,dataset/attacks/error_generic/fgsm/eps_0_150/095_n000629_Anna_Loos/0006_adv.png,0.15,0.127374
fgsm,0.15,False,-1,-1,95,n000629,Anna_Loos,095_n000629_Anna_Loos,dataset/clean/test/095_n000629_Anna_Loos/0007.jpg,dataset/attacks/error_generic/fgsm/eps_0_150/095_n000629_Anna_Loos/0007_adv.png,0.15,0.143936
fgsm,0.15,False,-1,-1,95,n000629,Anna_Loos,095_n000629_Anna_Loos,dataset/clean/test/095_n000629_Anna_Loos/0008.jpg,dataset/attacks/error_generic/fgsm/eps_0_150/095_n000629_Anna_Loos/0008_adv.png,0.15,0.140903
fgsm,0.15,False,-1,-1,95,n000629,Anna_Loos,095_n000629_Anna_Loos,dataset/clean/test/095_n000629_Anna_Loos/0009.jpg,dataset/attacks/error_generic/fgsm/eps_0_150/095_n000629_Anna_Loos/0009_adv.png,0.15,0.134852
fgsm,0.15,False,-1,-1,96,n002804,Fiona_Apple,096_n002804_Fiona_Apple,dataset/clean/test/096_n002804_Fiona_Apple/0000.jpg,dataset/attacks/error_generic/fgsm/eps_0_150/096_n002804_Fiona_Apple/0000_adv.png,0.15,0.140512
fgsm,0.15,False,-1,-1,96,n002804,Fiona_Apple,096_n002804_Fiona_Apple,dataset/clean/test/096_n002804_Fiona_Apple/0001.jpg,dataset/attacks/error_generic/fgsm/eps_0_150/096_n002804_Fiona_Apple/0001_adv.png,0.15,0.12739
fgsm,0.15,False,-1,-1,96,n002804,Fiona_Apple,096_n002804_Fiona_Apple,dataset/clean/test/096_n002804_Fiona_Apple/0002.jpg,dataset/attacks/error_generic/fgsm/eps_0_150/096_n002804_Fiona_Apple/0002_adv.png,0.15,0.12235
fgsm,0.15,False,-1,-1,96,n002804,Fiona_Apple,096_n002804_Fiona_Apple,dataset/clean/test/096_n002804_Fiona_Apple/0003.jpg,dataset/attacks/error_generic/fgsm/eps_0_150/096_n002804_Fiona_Apple/0003_adv.png,0.15,0.126645
fgsm,0.15,False,-1,-1,96,n002804,Fiona_Apple,096_n002804_Fiona_Apple,dataset/clean/test/096_n002804_Fiona_Apple/0004.jpg,dataset/attacks/error_generic/fgsm/eps_0_150/096_n002804_Fiona_Apple/0004_adv.png,0.15,0.142365
fgsm,0.15,False,-1,-1,96,n002804,Fiona_Apple,096_n002804_Fiona_Apple,dataset/clean/test/096_n002804_Fiona_Apple/0005.jpg,dataset/attacks/error_generic/fgsm/eps_0_150/096_n002804_Fiona_Apple/0005_adv.png,0.15,0.121242
fgsm,0.15,False,-1,-1,96,n002804,Fiona_Apple,096_n002804_Fiona_Apple,dataset/clean/test/096_n002804_Fiona_Apple/0006.jpg,dataset/attacks/error_generic/fgsm/eps_0_150/096_n002804_Fiona_Apple/0006_adv.png,0.15,0.130916
fgsm,0.15,False,-1,-1,96,n002804,Fiona_Apple,096_n002804_Fiona_Apple,dataset/clean/test/096_n002804_Fiona_Apple/0007.jpg,dataset/attacks/error_generic/fgsm/eps_0_150/096_n002804_Fiona_Apple/0007_adv.png,0.15,0.129046
fgsm,0.15,False,-1,-1,96,n002804,Fiona_Apple,096_n002804_Fiona_Apple,dataset/clean/test/096_n002804_Fiona_Apple/0008.jpg,dataset/attacks/error_generic/fgsm/eps_0_150/096_n002804_Fiona_Apple/0008_adv.png,0.15,0.103627
fgsm,0.15,False,-1,-1,96,n002804,Fiona_Apple,096_n002804_Fiona_Apple,dataset/clean/test/096_n002804_Fiona_Apple/0009.jpg,dataset/attacks/error_generic/fgsm/eps_0_150/096_n002804_Fiona_Apple/0009_adv.png,0.15,0.095208
fgsm,0.15,False,-1,-1,97,n005107,Lene_Marlin,097_n005107_Lene_Marlin,dataset/clean/test/097_n005107_Lene_Marlin/0000.jpg,dataset/attacks/error_generic/fgsm/eps_0_150/097_n005107_Lene_Marlin/0000_adv.png,0.15,0.130962
fgsm,0.15,False,-1,-1,97,n005107,Lene_Marlin,097_n005107_Lene_Marlin,dataset/clean/test/097_n005107_Lene_Marlin/0001.jpg,dataset/attacks/error_generic/fgsm/eps_0_150/097_n005107_Lene_Marlin/0001_adv.png,0.15,0.142224
fgsm,0.15,False,-1,-1,97,n005107,Lene_Marlin,097_n005107_Lene_Marlin,dataset/clean/test/097_n005107_Lene_Marlin/0002.jpg,dataset/attacks/error_generic/fgsm/eps_0_150/097_n005107_Lene_Marlin/0002_adv.png,0.15,0.143929
fgsm,0.15,False,-1,-1,97,n005107,Lene_Marlin,097_n005107_Lene_Marlin,dataset/clean/test/097_n005107_Lene_Marlin/0003.jpg,dataset/attacks/error_generic/fgsm/eps_0_150/097_n005107_Lene_Marlin/0003_adv.png,0.15,0.136462
fgsm,0.15,False,-1,-1,97,n005107,Lene_Marlin,097_n005107_Lene_Marlin,dataset/clean/test/097_n005107_Lene_Marlin/0004.jpg,dataset/attacks/error_generic/fgsm/eps_0_150/097_n005107_Lene_Marlin/0004_adv.png,0.15,0.123322
fgsm,0.15,False,-1,-1,97,n005107,Lene_Marlin,097_n005107_Lene_Marlin,dataset/clean/test/097_n005107_Lene_Marlin/0005.jpg,dataset/attacks/error_generic/fgsm/eps_0_150/097_n005107_Lene_Marlin/0005_adv.png,0.15,0.128132
fgsm,0.15,False,-1,-1,97,n005107,Lene_Marlin,097_n005107_Lene_Marlin,dataset/clean/test/097_n005107_Lene_Marlin/0006.jpg,dataset/attacks/error_generic/fgsm/eps_0_150/097_n005107_Lene_Marlin/0006_adv.png,0.15,0.13025
fgsm,0.15,False,-1,-1,97,n005107,Lene_Marlin,097_n005107_Lene_Marlin,dataset/clean/test/097_n005107_Lene_Marlin/0007.jpg,dataset/attacks/error_generic/fgsm/eps_0_150/097_n005107_Lene_Marlin/0007_adv.png,0.15,0.127986
fgsm,0.15,False,-1,-1,97,n005107,Lene_Marlin,097_n005107_Lene_Marlin,dataset/clean/test/097_n005107_Lene_Marlin/0008.jpg,dataset/attacks/error_generic/fgsm/eps_0_150/097_n005107_Lene_Marlin/0008_adv.png,0.15,0.137792
fgsm,0.15,False,-1,-1,97,n005107,Lene_Marlin,097_n005107_Lene_Marlin,dataset/clean/test/097_n005107_Lene_Marlin/0009.jpg,dataset/attacks/error_generic/fgsm/eps_0_150/097_n005107_Lene_Marlin/0009_adv.png,0.15,0.136929
fgsm,0.15,False,-1,-1,98,n004607,Kasper_Hjulmand,098_n004607_Kasper_Hjulmand,dataset/clean/test/098_n004607_Kasper_Hjulmand/0000.jpg,dataset/attacks/error_generic/fgsm/eps_0_150/098_n004607_Kasper_Hjulmand/0000_adv.png,0.15,0.133947
fgsm,0.15,False,-1,-1,98,n004607,Kasper_Hjulmand,098_n004607_Kasper_Hjulmand,dataset/clean/test/098_n004607_Kasper_Hjulmand/0001.jpg,dataset/attacks/error_generic/fgsm/eps_0_150/098_n004607_Kasper_Hjulmand/0001_adv.png,0.15,0.143053
fgsm,0.15,False,-1,-1,98,n004607,Kasper_Hjulmand,098_n004607_Kasper_Hjulmand,dataset/clean/test/098_n004607_Kasper_Hjulmand/0002.jpg,dataset/attacks/error_generic/fgsm/eps_0_150/098_n004607_Kasper_Hjulmand/0002_adv.png,0.15,0.139512
fgsm,0.15,False,-1,-1,98,n004607,Kasper_Hjulmand,098_n004607_Kasper_Hjulmand,dataset/clean/test/098_n004607_Kasper_Hjulmand/0003.jpg,dataset/attacks/error_generic/fgsm/eps_0_150/098_n004607_Kasper_Hjulmand/0003_adv.png,0.15,0.136441
fgsm,0.15,False,-1,-1,98,n004607,Kasper_Hjulmand,098_n004607_Kasper_Hjulmand,dataset/clean/test/098_n004607_Kasper_Hjulmand/0004.jpg,dataset/attacks/error_generic/fgsm/eps_0_150/098_n004607_Kasper_Hjulmand/0004_adv.png,0.15,0.137422
fgsm,0.15,False,-1,-1,98,n004607,Kasper_Hjulmand,098_n004607_Kasper_Hjulmand,dataset/clean/test/098_n004607_Kasper_Hjulmand/0005.jpg,dataset/attacks/error_generic/fgsm/eps_0_150/098_n004607_Kasper_Hjulmand/0005_adv.png,0.15,0.122232
fgsm,0.15,False,-1,-1,98,n004607,Kasper_Hjulmand,098_n004607_Kasper_Hjulmand,dataset/clean/test/098_n004607_Kasper_Hjulmand/0006.jpg,dataset/attacks/error_generic/fgsm/eps_0_150/098_n004607_Kasper_Hjulmand/0006_adv.png,0.15,0.137794
fgsm,0.15,False,-1,-1,98,n004607,Kasper_Hjulmand,098_n004607_Kasper_Hjulmand,dataset/clean/test/098_n004607_Kasper_Hjulmand/0007.jpg,dataset/attacks/error_generic/fgsm/eps_0_150/098_n004607_Kasper_Hjulmand/0007_adv.png,0.15,0.142533
fgsm,0.15,False,-1,-1,98,n004607,Kasper_Hjulmand,098_n004607_Kasper_Hjulmand,dataset/clean/test/098_n004607_Kasper_Hjulmand/0008.jpg,dataset/attacks/error_generic/fgsm/eps_0_150/098_n004607_Kasper_Hjulmand/0008_adv.png,0.15,0.139599
fgsm,0.15,False,-1,-1,98,n004607,Kasper_Hjulmand,098_n004607_Kasper_Hjulmand,dataset/clean/test/098_n004607_Kasper_Hjulmand/0009.jpg,dataset/attacks/error_generic/fgsm/eps_0_150/098_n004607_Kasper_Hjulmand/0009_adv.png,0.15,0.141242
fgsm,0.15,False,-1,-1,99,n000332,Alicia_Vikander,099_n000332_Alicia_Vikander,dataset/clean/test/099_n000332_Alicia_Vikander/0000.jpg,dataset/attacks/error_generic/fgsm/eps_0_150/099_n000332_Alicia_Vikander/0000_adv.png,0.15,0.140536
fgsm,0.15,False,-1,-1,99,n000332,Alicia_Vikander,099_n000332_Alicia_Vikander,dataset/clean/test/099_n000332_Alicia_Vikander/0001.jpg,dataset/attacks/error_generic/fgsm/eps_0_150/099_n000332_Alicia_Vikander/0001_adv.png,0.15,0.127913
fgsm,0.15,False,-1,-1,99,n000332,Alicia_Vikander,099_n000332_Alicia_Vikander,dataset/clean/test/099_n000332_Alicia_Vikander/0002.jpg,dataset/attacks/error_generic/fgsm/eps_0_150/099_n000332_Alicia_Vikander/0002_adv.png,0.15,0.140092
fgsm,0.15,False,-1,-1,99,n000332,Alicia_Vikander,099_n000332_Alicia_Vikander,dataset/clean/test/099_n000332_Alicia_Vikander/0003.jpg,dataset/attacks/error_generic/fgsm/eps_0_150/099_n000332_Alicia_Vikander/0003_adv.png,0.15,0.128761
fgsm,0.15,False,-1,-1,99,n000332,Alicia_Vikander,099_n000332_Alicia_Vikander,dataset/clean/test/099_n000332_Alicia_Vikander/0004.jpg,dataset/attacks/error_generic/fgsm/eps_0_150/099_n000332_Alicia_Vikander/0004_adv.png,0.15,0.13834
fgsm,0.15,False,-1,-1,99,n000332,Alicia_Vikander,099_n000332_Alicia_Vikander,dataset/clean/test/099_n000332_Alicia_Vikander/0005.jpg,dataset/attacks/error_generic/fgsm/eps_0_150/099_n000332_Alicia_Vikander/0005_adv.png,0.15,0.141803
fgsm,0.15,False,-1,-1,99,n000332,Alicia_Vikander,099_n000332_Alicia_Vikander,dataset/clean/test/099_n000332_Alicia_Vikander/0006.jpg,dataset/attacks/error_generic/fgsm/eps_0_150/099_n000332_Alicia_Vikander/0006_adv.png,0.15,0.14012
fgsm,0.15,False,-1,-1,99,n000332,Alicia_Vikander,099_n000332_Alicia_Vikander,dataset/clean/test/099_n000332_Alicia_Vikander/0007.jpg,dataset/attacks/error_generic/fgsm/eps_0_150/099_n000332_Alicia_Vikander/0007_adv.png,0.15,0.112994
fgsm,0.15,False,-1,-1,99,n000332,Alicia_Vikander,099_n000332_Alicia_Vikander,dataset/clean/test/099_n000332_Alicia_Vikander/0008.jpg,dataset/attacks/error_generic/fgsm/eps_0_150/099_n000332_Alicia_Vikander/0008_adv.png,0.15,0.108011
fgsm,0.15,False,-1,-1,99,n000332,Alicia_Vikander,099_n000332_Alicia_Vikander,dataset/clean/test/099_n000332_Alicia_Vikander/0009.jpg,dataset/attacks/error_generic/fgsm/eps_0_150/099_n000332_Alicia_Vikander/0009_adv.png,0.15,0.14273
